1968                    CORONAL INDEX OF SOLAR ACTIVITY                    1968
Slovak Academy       Fill-Disk Fe Emission (530.3 nm)         Units=10**16 W/sr
===============================================================================
Day    Jan   Feb   Mar    Apr   May   Jun    Jul   Aug   Sep    Oct   Nov   Dec
-------------------------------------------------------------------------------
 1   14.20 14.39 13.54  12.38 10.08 10.47  10.19 13.11 12.25  11.26 14.88 11.77
 2   14.32 13.77 13.79  12.87 10.33 10.76   9.76 12.63 11.62  11.25 13.85 11.88
 3   13.79 13.87 13.73  14.00  9.84 11.39   9.29 13.39 12.27  11.45 13.08 11.56
 4   13.29 13.78 12.88  14.03  9.82 10.79   9.25 11.15 12.24  11.07 11.81 10.60
 5   14.43 13.49 12.11  13.28  9.76 11.54   9.09 11.36 11.85  11.93 12.04 10.83

 6   14.25 12.98 11.50  12.96 10.55 10.41   8.60 11.60 12.27  13.44 11.62  9.44
 7   14.25 14.43 10.95  12.28 10.81 11.46   8.57 12.05 11.63  13.14 11.94 10.78
 8   13.69 13.39 10.67  13.25 10.69 10.76   7.64 11.94 10.47  13.03 11.56 11.84
 9   13.29 13.04 10.20  13.45  9.03 11.96   7.16 12.06 11.95  12.76 10.90 11.61
10   12.94 12.78 10.26  13.09  9.14 10.74   6.80 12.09 11.85  12.60 11.02 10.94

11   15.43 12.51 11.25  12.40  9.36 11.21   7.73 12.82 11.92  13.55 11.01 12.57
12   14.25 12.09 11.64  12.03  9.36 10.13   7.54 12.91 11.74  15.37 10.74 12.27
13   14.54 12.87 11.72  11.23  9.44 10.99   7.72 12.93 11.35  13.55 11.16 13.28
14   14.61 13.24 12.03  11.75  9.54 11.00   8.15 12.49 11.32  13.01 10.96 13.82
15   14.75 12.51 11.51  10.80 10.43 11.03   8.71 12.07 12.42  12.76 10.70 12.96

16   14.83 12.36 11.89  10.30 10.36 10.30   9.04 11.58 12.03  13.51 10.57 12.76
17   14.97 12.24 12.21   9.86 11.76  9.46   9.64 10.92 11.60  12.94 10.49 13.74
18   14.14 11.61 13.72   9.51 10.20  9.56   9.64 10.25 11.16  13.61 10.24 14.19
19   13.18 12.09 14.01   9.26 10.75  9.87   9.75 10.36 10.73  13.19 10.31 14.83
20   12.39 12.36 12.72   8.91 11.18  9.58  11.26 10.62 11.06  12.46 10.08 15.38

21   12.21 12.32 12.53   8.78 11.57  9.37  11.74 10.15 11.87  11.97  9.80 14.19
22   12.23 12.36 12.95   8.66 10.52  9.47  11.30 10.52 11.64  11.83 10.35 15.21
23   11.51 12.32 12.24   8.66 11.74  9.27  11.24 10.71 11.71  11.21 11.08 15.24
24   11.71 12.15 13.03   8.78 10.25  9.60  11.22 10.57 10.93  12.39 10.90 15.13
25   12.13 12.49 12.86   9.49 10.75  9.93  11.56 10.81 10.56  13.08 11.25 14.85

26   12.55 12.90 10.96   9.46 11.02  9.97  13.37 10.61 11.10  13.39 11.30 14.50
27   12.62 14.00 10.74   9.50 11.22  9.83  12.45  9.93 11.59  13.54 12.04 13.80
28   12.80 13.85 12.32   9.43 11.25  9.94  13.11  9.90 10.50  14.36 13.34 14.18
29   12.86 13.58 12.11   9.39 11.80 10.00  12.62 10.13 11.90  14.36 12.80 13.78
30   13.25  0.00 12.62   9.75 10.10 10.16  12.57 10.57 10.41  15.17 11.49 13.45

31   13.50  0.00 13.27   0.00  9.99  0.00  12.57 11.52  0.00  14.66  0.00 12.49
-------------------------------------------------------------------------------
Mean 13.51 12.94 12.19  10.98 10.41 10.37   9.98 11.41 11.53  12.96 11.44 13.03
-------------------------------------------------------------------------------
                                                        1968 Yearly Mean =11.73
