1976                    CORONAL INDEX OF SOLAR ACTIVITY                    1976
Slovak Academy       Fill-Disk Fe Emission (530.3 nm)         Units=10**16 W/sr
===============================================================================
Day    Jan   Feb   Mar    Apr   May   Jun    Jul   Aug   Sep    Oct   Nov   Dec
-------------------------------------------------------------------------------
 1    1.54  1.87  1.40   1.05  1.57  1.14   1.27  0.80  1.50   2.40  1.31  1.66
 2    1.69  1.67  1.54   0.94  1.48  1.12   1.33  0.76  1.54   2.22  1.20  1.56
 3    1.80  1.46  1.53   0.88  1.50  1.19   1.34  0.72  1.56   2.17  1.36  1.49
 4    1.76  1.55  1.56   0.85  1.61  1.44   1.42  0.76  1.59   1.84  1.57  1.47
 5    1.75  1.33  1.52   0.85  1.72  1.16   1.37  0.80  2.03   2.01  1.81  1.47

 6    1.75  1.15  1.47   0.88  1.81  1.23   1.31  0.85  2.11   2.09  2.10  1.51
 7    1.83  1.02  1.49   0.89  1.88  1.31   1.21  0.91  2.17   2.12  2.37  1.58
 8    1.88  0.91  1.49   0.90  1.76  1.41   1.22  0.98  2.23   1.95  2.38  1.66
 9    1.94  0.94  1.49   0.95  1.56  1.73   1.22  1.09  2.25   1.77  2.74  1.69
10    1.98  0.95  1.45   1.01  1.79  1.80   1.21  1.26  2.36   1.53  3.08  1.71

11    2.05  0.87  1.45   1.04  1.81  1.73   1.21  1.39  2.49   1.64  3.40  1.71
12    2.11  0.92  1.41   1.08  1.74  1.79   1.25  1.53  2.40   1.68  3.70  1.67
13    2.22  0.99  1.70   1.14  1.72  1.84   1.29  1.63  2.26   1.67  3.57  1.62
14    2.33  1.11  1.75   1.21  1.69  1.85   1.33  1.72  2.11   1.61  3.55  1.55
15    2.48  1.27  1.81   1.24  1.71  1.73   1.36  1.79  2.01   1.52  3.66  1.48

16    2.58  1.13  1.86   1.29  1.88  1.60   1.40  1.85  2.17   1.57  3.70  1.40
17    2.63  0.98  1.95   1.35  1.97  1.49   1.42  1.88  1.95   1.61  3.65  1.34
18    2.62  1.05  2.02   1.40  1.84  1.37   1.44  1.91  1.88   1.59  3.53  1.30
19    2.64  0.99  2.16   1.46  2.03  1.27   1.43  1.84  1.76   1.56  3.32  1.28
20    2.44  1.08  2.18   1.54  2.03  1.19   1.41  1.74  1.73   1.57  3.22  1.27

21    2.41  1.05  2.19   1.63  2.05  1.10   1.38  1.64  1.70   1.57  3.10  1.29
22    2.34  0.89  2.18   1.76  1.99  1.15   1.35  1.60  1.82   1.78  2.98  1.27
23    2.32  0.80  2.15   1.81  1.90  1.22   1.26  1.54  1.92   1.80  2.84  1.29
24    2.33  0.84  2.10   1.77  1.76  1.29   1.22  1.47  2.25   1.87  2.73  1.31
25    2.39  1.20  2.03   1.76  1.73  1.26   1.15  1.40  2.67   1.85  2.62  1.33

26    2.04  1.19  1.88   1.77  1.60  1.26   1.07  1.34  2.58   1.79  2.50  1.33
27    2.39  1.30  1.73   1.78  1.46  1.30   1.00  1.32  2.36   1.67  2.34  1.33
28    2.35  1.32  1.57   1.79  1.39  1.38   0.93  1.33  2.40   1.67  2.18  1.37
29    2.37  1.28  1.43   1.60  1.37  1.45   0.88  1.33  2.45   1.68  2.01  1.46
30    2.29  0.00  1.27   1.44  1.28  1.52   0.85  1.40  2.44   1.64  1.82  1.57

31    2.16  0.00  1.16   0.00  1.23  0.00   0.82  1.46  0.00   1.45  0.00  1.73
-------------------------------------------------------------------------------
Mean  2.17  1.14  1.71   1.30  1.71  1.41   1.24  1.36  2.09   1.77  2.68  1.47
-------------------------------------------------------------------------------
                                                        1976 Yearly Mean = 1.67
