1958                    CORONAL INDEX OF SOLAR ACTIVITY                    1958
Slovak Academy       Fill-Disk Fe Emission (530.3 nm)         Units=10**16 W/sr
===============================================================================
Day    Jan   Feb   Mar    Apr   May   Jun    Jul   Aug   Sep    Oct   Nov   Dec
-------------------------------------------------------------------------------
 1   20.08 17.52 13.70  16.19 14.78 18.92  17.30 13.45 17.54  17.24 16.71 17.61
 2   20.71 17.67 14.95  16.75 16.19 19.24  17.02 13.05 16.61  18.08 17.35 18.55
 3   21.91 18.13 15.25  17.12 16.28 20.06  16.63 13.32 17.36  17.51 18.11 18.14
 4   20.95 18.20 14.81  16.88 16.32 20.12  17.35 13.13 16.16  18.20 16.62 17.32
 5   20.75 19.21 14.46  16.50 16.18 20.17  18.15 14.06 17.78  18.69 16.60 18.53

 6   20.85 20.35 15.63  15.95 16.54 20.27  16.02 15.39 18.05  18.37 17.10 17.98
 7   20.39 20.17 14.90  16.43 17.11 17.51  16.77 17.09 18.49  18.18 16.81 18.08
 8   21.46 19.80 15.04  16.73 16.02 17.02  15.27 15.12 17.96  19.50 17.93 20.05
 9   22.03 19.37 14.80  16.61 16.01 17.82  13.95 17.09 18.19  17.97 18.02 16.76
10   21.59 19.62 14.37  15.80 16.29 18.53  14.29 16.83 18.34  17.99 17.47 16.09

11   21.59 19.01 14.22  15.26 14.86 18.01  12.72 17.65 18.35  17.96 16.41 16.03
12   21.88 18.90 14.38  14.57 16.47 17.38  12.56 17.47 17.97  17.32 16.25 16.24
13   21.45 18.06 13.94  14.48 15.68 15.82  12.99 17.02 16.24  16.64 16.24 16.49
14   21.97 17.20 14.14  15.14 14.77 16.25  11.36 15.41 16.86  17.12 16.02 17.73
15   22.26 16.54 14.37  14.59 15.98 16.86  10.69 16.79 16.95  16.34 16.07 16.77

16   22.99 17.60 13.90  13.58 16.01 17.62  12.74 17.45 16.96  16.41 15.81 16.43
17   22.20 16.88 14.44  14.92 15.80 16.99  10.65 16.76 15.40  17.43 15.96 16.85
18   21.17 16.78 14.37  13.51 15.77 16.32  11.34 17.08 14.78  16.93 17.12 17.43
19   19.59 16.72 14.04  13.20 15.56 16.16  12.44 16.30 15.40  17.63 17.54 17.64
20   19.57 16.53 14.20  13.76 14.84 16.16  12.05 16.77 15.73  18.52 19.03 19.67

21   19.16 17.01 14.42  13.83 15.65 16.22  12.33 17.84 15.80  18.84 19.03 17.54
22   19.03 17.47 14.40  13.24 15.50 15.99  14.30 17.70 16.59  18.85 18.39 16.93
23   17.14 15.79 14.57  13.48 15.61 16.41  13.07 16.32 15.82  19.40 20.02 17.29
24   16.82 16.30 13.73  12.75 14.32 15.86  13.09 15.76 16.59  18.68 19.81 17.82
25   16.83 16.63 13.26  13.36 14.24 16.69  14.07 16.08 16.87  18.92 19.79 18.14

26   17.20 15.67 14.00  13.76 14.76 16.69  14.12 16.50 16.94  17.68 21.49 18.63
27   17.60 14.69 14.74  14.41 14.36 16.32  14.51 18.43 17.00  18.95 19.50 17.57
28   18.20 14.82 15.03  13.92 16.49 15.92  14.63 17.44 16.35  19.07 17.24 17.45
29   16.82  0.00 14.97  14.17 16.86 17.78  13.81 15.36 17.64  19.18 19.40 16.72
30   17.37  0.00 14.95  13.83 17.36 16.42  12.39 15.69 17.38  17.64 17.77 17.77

31   17.10  0.00 14.97   0.00 18.31  0.00  13.64 15.18  0.00  18.14  0.00 18.70
-------------------------------------------------------------------------------
Mean 19.96 17.59 14.48  14.82 15.84 17.38  13.94 16.11 16.94  18.04 17.72 17.58
-------------------------------------------------------------------------------
                                                        1958 Yearly Mean =16.69
