1983                    CORONAL INDEX OF SOLAR ACTIVITY                    1983
Lomnicky Peak Sta     Full-Disk Fe XIV Emission (530.3 nm)    Units=10**16 W/sr
===============================================================================
Day   Jan   Feb   Mar    Apr   May   Jun    Jul   Aug   Sep    Oct   Nov   Dec
-------------------------------------------------------------------------------
 1    9.84 12.90 11.76   7.52 10.50 11.40  10.71  9.88 10.83  10.06 11.18  9.45
 2    9.82 13.02 11.53   7.90 10.73 11.93  10.98 10.06 10.39   9.75 10.77  9.87
 3   10.02 11.86 11.58   7.95 10.75 11.91  11.02  9.34 10.10  10.19 10.73  9.96
 4   10.59 10.87 11.09   7.87 11.00 12.16   9.75 10.59 10.70  10.55 10.63  9.67
 5   10.65 10.48 10.67   7.81 10.89 11.98   9.46 10.47 11.96  10.93 10.36 10.34

 6   10.66 11.25 11.58   7.70 10.75 11.97   9.44 10.36 10.77  10.54 10.24 10.28
 7   10.71 11.94 11.70   8.54 10.99 11.53   9.97 10.27 10.91  10.81 10.30 10.02
 8   10.82 11.58 11.82   9.52 10.94 10.72  10.12 11.30 10.89  10.17  8.62 10.87
 9   11.27 10.97 11.44   9.94 10.88 10.50  10.17 11.85 10.98  10.14  9.89 10.37
10   11.83 11.03 10.44   9.78 11.01 10.26  10.32 14.17 10.91  10.61  9.61 10.03

11   12.28 10.83 10.23   9.67 11.36 10.61  10.59 13.88 11.37  10.74  9.58 10.02
12   12.75 11.75 10.24  10.22 11.59  9.99  11.18 13.32 10.39  10.62  9.55  9.73
13   13.92 11.80  9.78  10.92 11.92 10.60  11.66 13.00 10.63  10.72  9.72  9.50
14   14.24 11.55 10.09  11.35 11.96 10.43  11.92 13.09 10.63  10.96  8.76  9.25
15   14.30 10.67  8.65  10.93 12.41 10.74  11.79 13.41 11.66  10.65  9.63  8.67

16   13.87 11.61  8.50  10.73 12.80 10.59  11.76 14.71 11.14  11.24  9.39  8.13
17   13.19 10.70  8.49  10.30 13.20 10.65  11.60 13.98 10.88  10.56  9.07  7.57
18   12.75 11.28  8.48  11.22 13.46  9.53  11.49 13.37 10.95  10.18  8.52  7.14
19   12.65 11.55  8.18  10.49 13.28  9.13  11.58 13.09 11.21   9.95  7.79  7.30
20   11.94 11.75  8.75  11.01 13.05  8.78  11.58 12.78 11.30   9.84  7.95  6.91

21   11.44 12.01  8.74  11.40 12.29  8.74  11.95 12.58 11.27   9.65  8.04  6.83
22   11.15 12.14  8.97  11.66 12.40  8.43  12.70 12.79  9.86   9.67  7.94  6.72
23   10.71 11.99  8.96  10.72 11.58  8.34  12.60 12.70  9.53   9.33  8.06  6.49
24   10.95 12.05 10.16  10.90 12.05  7.91  12.43 12.86  9.56   9.72  7.85  6.44
25   10.91 12.18 10.34  10.86 12.19  8.47  11.54 12.38  9.47   8.98  8.07  6.69

26   10.96 12.22 10.67  10.47 11.67  9.66  11.06 12.15  8.58   9.50  8.20  6.76
27   11.48 12.28 10.87  10.09 11.02 10.14  11.75 11.82  8.45  10.06  8.05  6.93
28   11.41 11.89 10.43  10.08 12.74  9.97  11.30 11.97  8.22  10.38  7.78  7.03
29   11.24        9.79  10.03 11.72 10.13  10.92 11.77  8.71  10.49  8.70  7.17
30   11.49        9.48  10.29 12.26  9.16  10.87 12.17  9.30  10.30  9.04  7.58

31   12.04        8.47        12.60         9.28 11.01        10.56        8.21
-------------------------------------------------------------------------------
Mean 11.67 11.65 10.06   9.93 11.81 10.21  11.08 12.17 10.40  10.24  9.13  8.45
-------------------------------------------------------------------------------
                                                        1983 Yearly Mean =10.56
