1993                    CORONAL INDEX OF SOLAR ACTIVITY                    1993
Slovak Academy       Full-Disk Fe XIV Emission (530.3 nm)     Units=10**16 W/sr
===============================================================================
Day   Jan   Feb   Mar    Apr   May   Jun    Jul   Aug   Sep    Oct   Nov   Dec
-------------------------------------------------------------------------------
 1    9.07  8.45  8.28   8.11  8.71  8.05   9.36  7.43  4.25   3.63  5.09  5.12
 2    9.33  7.79  8.70   7.87  8.95  8.05   9.27  7.10  3.93   4.35  5.27  5.37
 3    9.60  7.88  8.28   7.70  9.20  8.31   8.03  7.19  3.72   4.33  5.44  5.64
 4    8.37  7.51  8.31   7.47  8.11  8.11   8.29  6.56  3.49   4.32  5.92  5.49
 5    8.79  7.52  8.21   7.36  7.92  8.90   7.16  6.88  3.64   4.31  6.43  5.46

 6    8.40  7.69  8.28   7.69  7.56  9.00   7.66  6.01  3.70   3.94  5.54  5.46
 7    8.41  7.64  8.42   7.54  7.45  8.79   7.19  5.04  4.08   4.75  5.62  5.00
 8    8.41  7.79  8.82   7.42  7.56  8.53   6.77  4.22  4.31   5.43  5.57  5.10
 9    8.35  8.75  8.54   7.29  7.57  8.48   6.03  4.15  4.16   5.23  5.45  5.01
10    8.11  9.54  8.18   7.32  7.36  8.19   5.35  4.98  4.67   5.44  5.94  4.75

11    8.48  8.81  8.05   7.47  7.32  8.46   5.32  5.32  4.90   4.88  5.84  4.49
12    8.92  8.74  8.24   7.74  6.99  7.98   5.61  5.14  5.04   5.24  5.60  4.01
13    8.99  8.90  8.15   6.65  7.02  6.95   5.72  5.20  5.73   5.48  5.34  3.99
14    8.86  9.20  8.69   5.94  7.44  6.81   5.84  5.32  4.84   5.60  5.68  4.34
15    8.55 10.31  7.55   5.94  7.32  6.56   6.20  5.45  4.77   5.49  5.83  4.19

16    8.41  9.36  7.40   6.10  7.77  6.85   6.53  7.15  4.98   5.94  5.90  4.04
17    9.06  7.54  7.38   6.21  7.32  7.14   7.16  5.95  4.80   5.73  5.64  4.17
18    8.95  7.60  7.91   6.38  6.52  7.56   7.68  5.70  4.59   5.73  5.59  4.21
19    7.32  7.24  7.20   6.88  6.99  7.60   8.42  5.69  4.36   5.61  5.17  3.97
20    6.67  6.94  7.23   6.79  6.32  7.86   7.97  5.82  3.97   5.63  6.27  5.16

21    6.94  6.87  6.74   7.67  6.83  8.18   9.11  5.78  3.98   5.94  5.70  5.19
22    7.28  6.16  7.77   7.37  7.01  8.25   9.56  6.15  4.58   6.14  5.19  5.21
23    7.36  6.28  7.88   7.74  7.73  8.61   9.79  5.68  3.87   6.01  4.86  5.23
24    7.42  7.64  7.99   8.03  7.25  8.91   9.39  5.55  3.84   6.10  5.21  5.17
25    7.65  6.79  7.77   8.36  6.89  9.67   9.23  5.38  4.18   5.82  5.31  5.41

26    8.36  6.96  7.96   8.81  7.04  9.98   8.87  5.21  4.63   5.84  5.23  6.07
27    9.06  7.28  8.10   9.40  7.46  9.49   8.42  4.91  4.55   5.88  4.89  5.98
28    9.80  7.70  8.76   8.43  7.41  9.60   7.69  5.26  4.72   5.30  4.63  5.90
29    8.70        8.81   9.14  7.84  9.05   7.12  5.17  3.84   5.70  4.81  5.80
30    9.11        8.76   8.49  7.80  9.20   6.55  5.12  3.75   6.19  5.38  5.69

31    8.51        8.47         7.83         7.38  4.67         4.99        5.71
-------------------------------------------------------------------------------
Mean  8.43  7.89  8.09   7.51  7.50  8.30   7.57  5.65  4.33   5.32  5.48  5.04
-------------------------------------------------------------------------------
                                                        1993 Yearly Mean = 6.75
