1972                    CORONAL INDEX OF SOLAR ACTIVITY                    1972
Slovak Academy       Fill-Disk Fe Emission (530.3 nm)         Units=10**16 W/sr
===============================================================================
Day    Jan   Feb   Mar    Apr   May   Jun    Jul   Aug   Sep    Oct   Nov   Dec
-------------------------------------------------------------------------------
 1    7.27  6.71  6.15   7.23  7.33  8.65   9.64  9.38 11.49  11.71  6.06  5.84
 2    7.55  6.83  5.99   7.02  7.25  9.18   9.67  9.04 10.67  11.25  5.76  5.53
 3    7.30  6.91  5.86   6.64  7.17  9.73  10.06  9.23 10.32  10.58  5.57  5.21
 4    7.68  6.81  5.76   7.54  7.17  9.84  10.11  9.42 10.45  10.03  5.22  4.88
 5    8.14  6.71  5.75   7.77  7.34  9.70   9.72  9.46 10.61   9.59  5.13  4.36

 6    8.49  6.87  5.85   7.98  6.81 10.68   9.41 11.50  9.22   9.52  5.15  4.20
 7    7.94  7.11  5.99   8.28  7.08 11.89   9.25  9.31  9.46   9.50  5.18  4.51
 8    8.44  7.49  6.02   8.13  7.36 12.24   9.08  8.85  8.58   8.84  5.35  4.51
 9    8.12  7.57  5.96   7.92  7.57 12.31   8.99 10.04  8.56   7.93  5.52  4.77
10    7.80  7.53  6.14   8.12  7.85 11.98   8.73  9.58  9.10   7.48  5.68  5.18

11    7.48  7.69  6.29   8.02  8.22 11.64   8.42  9.11  8.68   7.28  6.02  5.73
12    7.07  7.86  6.56   7.93  8.52 11.66   8.40  7.95  8.47   7.99  6.10  6.19
13    6.58  8.04  7.08   7.83  8.83 11.18   8.35  7.75  7.87   7.62  6.24  6.72
14    6.56  8.18  7.18   7.70  9.01 10.39   8.45  7.39  8.03   7.05  6.35  6.95
15    6.22  8.21  7.67   7.63  9.06  9.85   8.06  8.53  8.73   6.78  6.41  7.11

16    6.08  8.19  8.33   7.71  9.15  9.56   7.75  7.69  9.56   7.37  6.47  8.30
17    5.55  8.33  8.44   7.75  9.12  9.32   7.64  7.60 10.19   7.52  6.52  8.29
18    5.15  8.48  8.96   7.76  8.95  9.16   7.66  7.87 10.42   7.29  6.37  8.01
19    5.20  8.77 10.06   7.73  8.62  8.93   7.66  8.29 10.80   7.16  6.70  7.63
20    5.38  8.90 10.43   7.67  8.24  8.55   8.45  9.14 10.76   7.30  7.22  7.25

21    5.48  8.87 10.51   7.55  7.82  8.43   8.68  9.64 11.07   7.47  7.42  7.00
22    5.79  8.66 10.28   7.44  7.55  8.05   8.94  9.26 12.03   7.38  7.56  7.12
23    6.12  8.33 10.14   7.62  7.18  8.18   9.24  9.48 12.21   7.58  7.47  7.06
24    6.78  8.00 10.13   7.59  6.77  8.14   9.40 10.20 12.39   7.50  7.46  6.48
25    7.22  7.62 10.15   7.55  6.39  8.01   9.35 10.66 12.55   7.91  7.54  5.98

26    7.37  7.25  9.64   7.47  6.48  7.71   9.48 11.59 12.36   8.17  7.57  5.57
27    7.26  6.91  8.76   7.34  6.62  8.53   9.23 11.88 12.23   8.02  7.17  5.72
28    7.10  6.61  7.91   7.39  6.89  8.82   9.04 11.98 12.64   7.86  6.96  5.65
29    6.88  6.36  7.82   8.22  7.26  9.22   8.94 11.63 11.90   7.60  6.22  5.47
30    6.75  0.00  7.63   7.49  7.29  9.41   8.85 11.95 11.83   7.03  5.94  5.30

31    6.72  0.00  7.42   0.00  7.72  0.00   9.88 11.47  0.00   6.86  0.00  5.16
-------------------------------------------------------------------------------
Mean  6.89  7.69  7.77   7.67  7.70  9.70   8.92  9.58 10.44   8.17  6.34  6.05
-------------------------------------------------------------------------------
                                                        1972 Yearly Mean = 8.07
