1984                    CORONAL INDEX OF SOLAR ACTIVITY                    1984
Lomnicky Peak Sta     Full-Disk Fe XIV Emission (530.3 nm)    Units=10**16 W/sr
===============================================================================
Day   Jan   Feb   Mar    Apr   May   Jun    Jul   Aug   Sep    Oct   Nov   Dec
-------------------------------------------------------------------------------
 1    8.74  9.28 11.71  13.08  9.24  9.68  12.04 11.95  9.21  11.24  5.22  6.99
 2    7.81  9.26 12.10  14.69  9.26  9.23  11.00 11.31  9.06  10.51  5.37  6.16
 3    7.40  9.13 11.11  11.06  9.22  9.60  11.07 12.07  9.47  10.06  5.53  6.81
 4    6.85  9.33 10.09  11.12  9.32  9.78  10.95 13.20  9.31   9.09  5.14  5.53
 5    6.32  8.93  9.80  10.93  9.85 10.03  10.92 13.27  9.01   8.82  4.63  5.00

 6    6.47  8.67  9.26  12.69  9.00 10.29  10.68 11.27  9.12   8.57  5.02  4.76
 7    6.11  8.22  9.28  12.93  8.78 10.16   9.84 11.64  8.84   8.15  4.28  4.68
 8    6.25  8.28  9.05  12.42  8.77  9.64   8.66 12.91  8.00   6.86  4.47  4.86
 9    6.32  8.71  8.71  10.23  8.36 11.09   8.88 15.12  7.36   6.30  5.04  5.43
10    6.20  8.90  8.52  10.74  8.24 10.93   9.79 15.19  6.64   5.83  5.09  4.72

11    6.30  8.69  8.60  10.56  8.55 10.87   9.69 14.64  6.41   5.55  5.20  4.83
12    8.11  8.98  8.46  11.11  8.44 10.79   9.95 12.37  6.12   4.77  5.46  5.18
13    8.26  9.50  8.28  10.24  8.74 10.85   9.57 11.95  5.75   4.62  5.72  5.35
14    8.82  9.52  8.40   9.38  9.70 11.03   9.50 11.60  5.38   4.69  5.91  5.38
15    8.50  9.32  8.43   9.36 10.31 10.99   8.89 12.60  5.05   4.75  6.93  5.72

16    8.02  9.32  8.84   9.55 11.24 10.59   8.70  9.47  5.13   5.02  6.40  5.68
17    7.96  8.90  9.47   9.42 12.83  9.81   8.08  8.04  5.20   5.26  6.99  5.80
18    8.01  9.94  9.16  10.09 12.35  9.63   7.82  6.79  5.24   5.14  7.45  6.04
19    7.79 10.28  9.64  10.93 12.71  9.30   7.73  6.87  5.71   5.30  7.65  6.12
20    7.19 11.74 10.03  12.26 13.19  8.87   8.06  7.03  5.49   5.26  7.40  6.12

21    7.32 10.42  9.88  11.27 12.48  8.24   7.99  7.33  6.06   5.12  7.32  6.59
22    7.07 10.98 11.68  11.35 12.43  7.91   7.85  6.75  6.42   6.13  7.60  5.79
23    6.99 10.79 10.82  11.74 13.32  8.22   8.14  6.73  6.63   6.37  7.93  5.80
24    7.34 11.54 10.61  11.68 11.68 10.00   8.61  6.80  6.85   6.72  7.81  5.79
25    7.77 12.14 13.05  11.43 10.73  9.05   9.74  6.78  9.01   6.57  7.73  5.51

26    8.16 13.03 15.80  10.60 10.61  9.15  11.39  7.10  9.19   6.44  7.11  5.20
27    8.75 11.54 15.75   9.10 10.46  9.50   9.36  6.82 10.11   6.25  6.90  5.29
28    8.78 12.14 14.64   8.80 10.39  9.98   9.19  7.39  9.92   6.36  7.00  4.68
29    9.00 11.03 13.68  10.28 10.37 10.85   9.92  7.75  9.34   6.69  7.69  4.61
30    9.38       13.42   9.27  9.68 11.70  13.82  7.98 10.27   6.16  7.47  4.36

31    9.46       13.99         9.78        11.64  8.11         5.82        4.08
-------------------------------------------------------------------------------
Mean  7.66  9.95 10.72  10.94 10.32  9.93   9.66  9.96  7.51   6.59  6.32  5.45
-------------------------------------------------------------------------------
                                                        1984 Yearly Mean = 8.74
