1946                    CORONAL INDEX OF SOLAR ACTIVITY                    1946
Lomnicky Peak Sta     Full-Disk Fe XIV Emission (530.3 nm)    Units=10**16 W/sr
===============================================================================
Day   Jan   Feb   Mar    Apr   May   Jun    Jul   Aug   Sep    Oct   Nov   Dec
-------------------------------------------------------------------------------
 1    4.62  7.43  7.47   7.48  8.41  5.45   9.70  8.72  8.96  14.17 14.01  9.45
 2    4.94  7.51  7.63   7.34  8.32  5.34   9.55  8.77  8.87  13.81 13.84  9.29
 3    5.00  7.63  7.80   7.24  8.23  5.36   9.27  8.88  8.62  13.19 13.68  9.15
 4    5.19  7.85  8.05   7.33  8.13  5.38   9.28  8.88  8.47  12.34 13.52  8.99
 5    5.34  8.05  7.90   7.31  8.03  5.40   9.46  8.73  8.17  11.51 13.37  8.84

 6    5.51  8.23  7.95   7.46  7.92  5.44   9.43  8.71  7.94  10.78 13.22  8.69
 7    5.22  8.40  7.96   7.41  7.83  5.67   9.28  8.92  7.88  10.69 13.07  8.54
 8    6.08  8.57  7.93   7.46  7.73  5.55   9.07  9.01  7.88  11.06 12.92  8.38
 9    6.05  8.75  7.87   7.81  7.63  5.94   9.08  8.85  7.89  10.26 12.78  8.24
10    6.42  8.93  7.78   8.14  7.53  6.10   8.75  8.51  8.12   9.49 12.62  8.09

11    6.79  9.02  7.16   8.45  7.43  6.28   9.36  8.42  8.19   9.42 12.47  7.93
12    7.21  9.07  7.03   8.67  7.33  6.50   8.95  8.46  8.39   9.61 12.32  7.78
13    7.65  9.04  6.90   8.43  7.23  6.75   8.74  8.47  8.91  11.75 12.17  7.64
14    8.09  8.97  6.75   8.25  7.13  7.00   9.04  8.56  9.33  12.16 12.01  7.48
15    8.40  8.85  6.59   8.32  7.03  7.34   8.73  8.85  9.77  12.31 11.87  7.35

16    9.04  8.65  6.40   8.24  6.93  7.61   8.34  9.02 10.24  12.66 11.71  7.36
17    9.45  8.22  6.19   8.15  6.83  7.86   8.24  9.20 10.76  13.28 11.56  7.42
18    9.72  7.83  6.08   7.77  6.73  8.13   7.78  9.31 11.34  14.01 11.40  7.46
19    9.99  7.45  6.05   7.73  6.62  8.38   8.35  9.49 11.93  14.90 11.25  7.49
20    9.20  7.12  6.16   7.68  6.53  8.64   9.53  9.77 12.53  14.91 11.09  7.50

21    9.34  6.98  6.23   8.06  6.43  8.90   8.62  9.68 13.18  14.92 10.94  7.65
22    9.45  6.91  6.35   8.17  6.33  9.12   8.62 10.31 13.76  14.94 10.79  7.75
23    8.56  6.91  6.47   8.28  6.24  9.30   8.72 10.80 14.33  14.99 10.64  7.95
24    7.66  6.97  6.65   8.38  6.14  9.45   8.82 10.61 14.72  15.01 10.49  7.87
25    7.20  7.05  6.87   8.52  6.04  9.52   9.32 10.58 15.02  14.99 10.34  7.80

26    6.68  7.17  7.09   8.63  5.94  9.51   9.65 10.52 15.19  14.94 10.18  7.43
27    6.79  7.22  7.25   8.81  5.84  9.42   9.24 10.29 15.34  14.86 10.05  7.16
28    6.85  7.34  7.39   8.72  5.74  9.36   9.20 10.45 15.31  14.74  9.90  6.99
29    6.79        7.52   8.62  5.64  9.37   9.29 10.00 15.07  14.59  9.74  6.94
30    6.88        7.57   8.52  5.54  9.47   9.08  9.30 14.66  14.39  9.60  6.72

31    7.13        7.58         5.44         8.95  9.08        14.20        6.59
-------------------------------------------------------------------------------
Mean  7.20  7.93  7.12   8.05  6.93  7.45   9.01  9.33 11.03  13.06 11.79  7.87
-------------------------------------------------------------------------------
                                                       1946 Yearly Mean =  8.90
