1939                    CORONAL INDEX OF SOLAR ACTIVITY                    1939
Lomnicky Peak Sta     Full-Disk Fe XIV Emission (530.3 nm)    Units=10**16 W/sr
===============================================================================
Day   Jan   Feb   Mar    Apr   May   Jun    Jul   Aug   Sep    Oct   Nov   Dec
-------------------------------------------------------------------------------
 1    7.01  8.71 11.65   9.37 11.14 11.66  12.17 12.70 13.22  13.72 14.25 14.75
 2    7.01  9.25 11.46   9.30 11.15 11.68  12.18 12.71 13.24  13.74 14.27 14.77
 3    7.01  9.96 11.23   9.25 11.17 11.70  12.21 12.73 13.25  13.75 14.28 14.79
 4    7.01 10.40 11.08   9.20 11.19 11.72  12.22 12.75 13.27  13.77 14.30 14.81
 5    7.01 10.84 10.97   9.02 11.21 11.73  12.24 12.76 13.29  13.79 14.31 14.82

 6    7.01 11.21 10.86   9.10 11.22 11.75  12.25 12.78 13.30  13.81 14.33 14.84
 7    7.01 11.53 10.74   9.16 11.23 11.77  12.27 12.80 13.32  13.83 14.35 14.86
 8    7.01 12.25 10.67   9.22 11.25 11.78  12.29 12.82 13.34  13.85 14.36 14.88
 9    7.01 12.22 10.69   9.30 11.27 11.80  12.31 12.84 13.36  13.87 14.38 14.89
10    7.01 12.34 10.63   9.36 11.29 11.82  12.33 12.86 13.38  13.89 14.39 14.91

11    7.01 12.20 10.59   9.31 11.31 11.83  12.34 12.88 13.39  13.91 14.41 14.92
12    7.01 12.08 10.53   9.68 11.32 11.85  12.36 12.89 13.41  13.93 14.42 14.94
13    7.01 11.83 10.49  10.01 11.34 11.87  12.38 12.91 13.43  13.94 14.44 14.95
14    7.01 11.68 10.43  10.17 11.36 11.88  12.40 12.92 13.45  13.96 14.46 14.96
15    7.01 11.36 10.38  10.32 11.38 11.90  12.42 12.94 13.46  13.98 14.48 14.97

16    7.01 11.44 10.33  10.47 11.39 11.92  12.43 12.95 13.48  13.99 14.50 14.97
17    7.01 11.09 10.28  10.61 11.40 11.94  12.45 12.97 13.49  14.01 14.52 14.98
18    7.01 10.89 10.23  10.77 11.42 11.96  12.47 12.99 13.51  14.03 14.54 14.98
19    7.01 10.72 10.17  10.94 11.43 11.97  12.48 13.01 13.53  14.04 14.55 14.98
20    7.01 10.68 10.12  10.95 11.45 11.98  12.50 13.02 13.54  14.06 14.57 14.99

21    7.01 10.76 10.07  10.97 11.46 12.00  12.51 13.04 13.56  14.07 14.59 14.99
22    7.01 10.94 10.02  10.98 11.48 12.01  12.53 13.05 13.57  14.09 14.60 14.99
23    7.05 11.17  9.97  11.00 11.50 12.03  12.54 13.07 13.59  14.10 14.62 14.99
24    7.12 11.46  9.92  11.01 11.52 12.05  12.56 13.08 13.61  14.12 14.64 14.99
25    7.22 11.57  9.87  11.03 11.53 12.06  12.58 13.10 13.62  14.13 14.65 14.99

26    7.35 11.64  9.81  11.05 11.56 12.08  12.60 13.12 13.64  14.15 14.67 14.99
27    7.51 11.69  9.75  11.07 11.58 12.10  12.61 13.14 13.66  14.17 14.68 14.97
28    7.81 11.70  9.68  11.09 11.59 12.12  12.63 13.15 13.67  14.19 14.70 14.95
29    8.01        9.61  11.11 11.61 12.13  12.65 13.17 13.69  14.21 14.71 14.92
30    8.21        9.53  11.13 11.63 12.15  12.66 13.19 13.70  14.22 14.73 14.89

31    8.41        9.44        11.65        12.68 13.21        14.23       14.84
-------------------------------------------------------------------------------
Mean  7.19 11.20 10.36  10.20 11.39 11.91  12.43 12.95 13.47  13.99 14.49 14.92
-------------------------------------------------------------------------------
                                                       1939 Yearly Mean = 12.04
