1998                    CORONAL INDEX OF SOLAR ACTIVITY                    1998
Slovak Academy       Full-Disk Fe XIV Emission (530.3 nm)     Units=10**16 W/sr
===============================================================================
Day   Jan   Feb   Mar    Apr   May   Jun    Jul   Aug   Sep    Oct   Nov   Dec
-------------------------------------------------------------------------------
 1    6.08  4.12  3.64   4.20  5.54  5.79   8.44  6.47  9.77   9.69  9.51  8.63
 2    5.60  4.34  3.83   4.28  5.63  6.47   9.01  6.62 10.33   9.80  9.48  8.21
 3    5.13  4.32  3.98   4.37  5.33  6.41   9.34  6.86 10.71   9.55  9.34  7.87
 4    4.97  4.18  4.05   5.45  5.50  6.89   9.67  7.57 10.94   9.47  9.53  7.66
 5    4.69  4.49  3.97   5.39  5.88  7.00   9.94  7.66 11.18   9.00  9.08  7.58

 6    4.47  4.29  3.90   5.36  6.28  7.43  10.16  7.99 11.26   9.44  8.61  8.19
 7    4.17  4.07  3.96   5.65  6.69  7.48  10.36  8.10 11.13   9.53  8.47  8.63
 8    3.52  4.45  4.04   6.11  7.12  8.40  10.11  8.63 10.95   9.10  8.45  8.62
 9    3.48  4.64  4.15   6.35  7.47  7.79   9.85  8.75 10.87   8.73  8.11  8.73
10    3.70  4.99  4.20   6.86  7.60  7.36   9.38  9.25 10.59   8.58  8.99  8.95

11    3.80  5.56  4.43   7.26  8.07  6.94   8.78  7.95 10.30   8.82  8.55  9.24
12    4.00  6.09  4.12   7.45  8.27  7.32   8.19  8.41  9.88   9.68  8.44 10.08
13    3.58  6.44  4.46   7.33  8.38  7.10   7.61  8.53  9.71   9.36  8.56  9.73
14    3.78  6.45  4.89   7.28  8.49  6.92   6.83  8.73  9.70   8.97  8.31  9.54
15    4.13  6.49  5.15   6.98  8.60  7.18   6.45  8.24  9.52   8.44  8.17  9.88

16    4.46  6.64  5.24   7.12  8.42  6.99   6.40  8.55  9.17   7.86  7.95 10.04
17    4.71  6.74  5.35   7.12  8.32  7.33   6.36  8.14  8.69   7.23  7.20 10.15
18    4.94  6.69  5.27   6.79  8.22  7.45   6.39  8.78  8.58   7.53  6.91 10.53
19    4.82  6.47  5.32   6.10  8.16  7.40   6.44  8.66  8.35   7.16  7.15 10.22
20    4.78  5.17  5.69   5.66  8.11  7.26   6.32  8.85  8.37   6.90  7.03 10.12

21    4.49  5.00  5.32   5.86  7.96  7.41   6.42  8.66  8.41   6.59  7.42 10.62
22    4.31  4.86  4.95   5.68  7.72  7.02   6.98  8.56  8.56   6.53  7.70 10.83
23    4.24  4.77  4.60   5.28  7.85  7.06   6.75  8.35  8.33   6.75  8.41 10.21
24    4.42  4.45  4.53   5.54  7.70  6.96   6.52  8.31  9.01   7.47  9.06 11.07
25    4.31  4.16  4.14   5.65  7.38  6.89   6.33  8.19  8.50   7.90  8.94 10.46

26    4.30  3.77  4.28   5.65  7.13  6.92   6.16  8.21  8.97   8.28  8.35  9.89
27    4.39  3.63  3.77   5.45  6.91  7.04   6.16  8.25  8.86   8.62  9.17  9.46
28    4.51  3.39  3.60   5.37  6.53  7.20   6.19  8.30  9.62   8.91  9.14  8.68
29    4.66        4.05   5.29  6.72  7.44   6.18  8.38  9.38   9.24  8.80  8.95
30    4.81        4.74   5.49  6.22  7.76   6.28  8.68  9.70   9.34  8.50  8.65

31    4.48        3.96         5.73         6.40  9.16         9.42        8.77
-------------------------------------------------------------------------------
Mean  4.44  5.02  4.44   5.94  7.22  7.15   7.63  8.25  9.64   8.51  8.44  9.36
-------------------------------------------------------------------------------
                                                        1998 Yearly Mean = 7.18
