Monthly                 CORONAL INDEX OF SOLAR ACTIVITY                 Monthly
Slovak Academy       Fill-Disk Fe Emission (530.3 nm)         Units=10**16 W/sr
===============================================================================
Day    Jan   Feb   Mar    Apr   May   Jun    Jul   Aug   Sep    Oct   Nov   Dec
-------------------------------------------------------------------------------
1939  8.15 11.96 11.46  11.23 12.28 12.67  13.06 13.47 13.88  14.26 14.66 14.25

1940 10.49 11.24 12.05  11.71 11.56 11.44  10.59 10.12  9.67  11.32 10.96 10.47
1941 11.19 10.64 10.19   9.22  9.60  9.26   8.76 10.47 10.91  10.60 10.14  9.60
1942  8.05 10.07 10.64   9.21  9.26  9.43   8.54  6.71  6.07   6.33  7.74  6.21
1943  7.44  9.13 10.11   5.46  1.66  4.14   6.51  4.86  6.60   4.56  2.57  1.08
1944  2.36  1.96  1.48   0.69  0.06  0.26   0.68  1.11  1.47   3.20  3.42  3.48

1945  3.58  0.94  1.71   2.48  3.38  4.41   5.30  6.05  6.45   5.47  4.23  3.04
1946  5.42  7.90  7.78   9.35  8.75  7.34   6.86 10.17  9.02   9.89 10.13 10.21
1947 14.15 13.99 13.85  12.59 12.15 13.76  11.42 12.40 14.10  13.30 13.64 11.47
1948 12.39 10.43 10.38   9.52 11.15 10.83   7.59  8.76  9.17  10.56 12.19 12.15
1949 12.51 11.74 10.53  11.19 11.23  8.98   8.48  9.52 10.33  13.54 12.05 12.02

1950 10.30 11.33 12.16  12.37 11.92 10.10   9.43  9.15  7.46   6.76  7.33  7.69
1951  8.03  7.18  6.41   7.48  8.17  7.19   6.60  7.46  7.42   9.32  8.64  8.39
1952  7.09  6.53  7.39   7.07  5.67  5.01   4.82  6.72  6.80   6.39  6.46  5.70
1953  5.37  4.27  4.58   4.14  3.53  2.68   2.34  2.33  2.96   3.18  2.28  1.66
1954  1.70  1.84  1.98   1.43  1.61  1.55   1.58  1.13  1.37   2.14  2.29  2.48

1955  4.25  4.10  5.19   4.28  4.74  4.10   5.97  4.56  4.69   6.83  8.91 10.38
1956 10.27 10.51 12.19  12.67 14.24 13.40  14.40 14.50 17.40  17.70 18.64 18.39
1957 19.25 20.79 18.07  19.58 19.13 19.45  16.96 16.96 18.90  19.91 19.43 19.00
1958 19.96 17.59 14.48  14.82 15.84 17.38  13.94 16.11 16.94  18.04 17.72 17.58
1959 17.54 15.76 16.70  18.48 18.58 14.62  15.62 16.76 18.70  17.65 16.48 16.69

1960 11.47 12.57 10.86  12.18 11.75 11.78  12.15 11.78 12.58  10.24  8.83  8.50
1961  7.12  7.32  6.98   6.12  6.03  6.68   6.08  7.52  6.75   5.99  5.32  4.84
1962  3.94  3.86  4.08   4.51  4.87  4.42   3.83  3.23  3.79   3.92  4.10  3.10
1963  2.73  2.45  2.68   2.60  3.26  3.13   2.98  2.81  2.92   2.71  2.90  2.63
1964  2.54  2.33  2.57   2.44  2.17  2.13   1.97  1.95  1.88   2.52  2.45  2.54

1965  2.44  2.73  2.32   2.22  2.88  3.40   2.99  3.12  2.63   2.52  2.26  2.42
1966  3.15  3.19  3.48   5.37  5.33  5.59   5.53  5.65  5.45   5.64  5.85  6.80
1967  9.44  9.35  9.75   8.66  9.85  7.30   9.03  8.85  9.62  10.44 10.07 10.80
1968 13.51 12.96 12.19  10.98 10.41 10.37   9.98 11.41 11.53  12.96 11.44 13.03
1969 13.51 12.23 11.92  11.78 11.14 14.42  12.04 13.55 12.18  11.84 10.72  9.41

1970  9.89 10.73 15.03  12.81 14.28 12.51  13.83 13.05 14.65  13.00 10.49 14.03
1971  8.21 11.72  9.98   9.21  7.29  6.91  10.27  8.83 10.40   6.61  6.79  6.51
1972  6.89  7.65  7.77   7.67  7.70  9.70   8.92  9.58 10.44   8.17  6.34  6.05
1973  5.65  4.84  4.50   5.07  5.03  4.46   5.25  5.00  5.82   4.39  4.04  3.69
1974  3.80  3.71  3.47   3.84  4.52  5.46   5.45  4.55  5.25   4.98  4.24  3.76

1975  3.50  3.33  3.03   3.23  2.87  3.07   2.42  4.14  3.07   3.50  2.73  2.33
1976  2.17  1.14  1.71   1.30  1.71  1.41   1.24  1.36  2.09   1.77  2.68  1.47
1977  2.44  3.87  2.77   1.73  2.52  3.06   3.10  3.79  4.27   3.96  4.58  5.01
1978  5.57  6.62  7.48   6.80  6.58  6.54   7.48  7.04  8.59   9.44  9.86  8.00
1979 10.76 11.07 13.18  12.20 12.66 14.21  14.10 14.35 14.39  15.06 16.78 15.52

1980 11.12 11.83 12.00  12.91 12.93 13.93  14.62 14.38 14.11  13.63 10.41 11.06
1981 10.05 10.61 12.17  14.43 12.13 11.48  13.66 14.05 17.52  16.50 18.10 17.31
1982 16.34 17.06 15.37  15.79 14.79 11.95  12.03 14.06 16.23  17.06 17.80 16.02
1983 16.11 15.00 14.62  12.66 11.09  9.77  11.63 12.36 10.92  10.38  8.90  8.79
1984  8.34  8.36  8.51   8.34  8.31  8.04   7.74  7.35  6.13   5.11  4.86  4.27

1985  3.41  3.35  3.72   3.33  4.37  3.94   4.03  4.95  4.09   3.54  3.38  3.39
1986  3.55  3.84  3.90   3.76  3.72  3.15   2.85  2.55  2.36   3.17  3.77  2.97
1987  2.68  2.42  2.73   3.79  4.64  5.14   4.95  5.56  5.80   6.32  7.09  6.28
1988  6.95  8.08  8.94   9.21  9.05 10.69  12.28 13.01 13.64  14.16 13.33 13.18
1989 18.53 19.96 15.70  16.97 16.87 18.35  18.61 18.86 15.32  17.13 16.89 17.26

1990 16.26 17.26 16.67  15.88 15.86 16.01  16.96 17.18 16.25  14.15 12.92 16.48
1991 15.44 14.99 14.63  15.46 14.38 14.72  16.23 15.79 15.31  14.25 13.04 12.64
1992 14.37 13.38 13.76  12.94 12.07  9.87   9.31  9.20  8.70   8.77  9.07 10.33
1993  8.85  8.11  8.87   8.10  7.82  8.34   7.83  5.51  4.19   4.80  5.32  4.92
1994  6.77  6.24  5.80   5.21  3.91  4.12   3.83  3.55  3.25   3.23  3.21  3.29

1995  3.07  3.51  2.88   2.97  2.57  2.89   2.50  2.80  3.32   2.76  2.88  2.20
1996  2.47  1.77  1.24   1.55  1.76  1.85   2.04  1.93  2.15   1.76  2.01  3.25
1997  2.49  2.15  2.22   2.44  2.44  2.76   2.34  2.65  3.90   4.17  4.58  4.75
1998  4.52  4.54  4.58   5.54  5.90  6.41   6.63  7.16  7.91   7.10  7.15  8.60
1999  9.08  8.95  9.12   9.45  9.06  8.33   9.31  9.43  8.71   7.20  8.51  9.92

2000  8.05 11.19 10.44  11.91 10.50  9.43   8.72  8.38  9.99   9.65  9.28  9.60
2001  9.66  9.71  9.42   9.25  9.16 10.04  10.19 10.14 11.89  12.50 12.16 12.15
2002 12.85 12.01 11.35  10.15 10.02 10.19   9.44 10.16  8.72   8.63  9.38  8.89
2003  7.72  7.44  6.57   5.73  6.02  5.74   5.97  5.31  6.00   6.14  6.08  5.89
2004  6.93  6.70  6.93   5.99  5.84  5.22   5.97  6.02  7.07   7.36  6.95  5.80
2005  5.17  5.01  4.95   5.49  4.32  4.50   4.66  5.16  4.29   4.56  3.86  3.77

2006  5.96  5.12  4.80   4.05  4.71  5.73   5.41  4.46  4.72   4.03  2.69  2.72
2007  2.67  2.54  2.61   2.20  2.37  2.51   1.97  1.92  1.74   1.70  1.56  1.58
2008  1.55  1.72  1.82   2.29  1.92  1.56   1.46  1.34  1.31   1.35  1.54  1.35













