Yearly                  CORONAL INDEX OF SOLAR ACTIVITY                  Yearly
Slovak Academy       Full-Disk Fe XIV Emission (530.3 nm)     Units=10**16 W/sr
===============================================================================
 Year  Index     Year  Index     Year  Index      Year  Index      Year  Index
-------------------------------------------------------------------------------
 1930            1950   9.66     1970  12.88      1990  15.99
 1931            1951   7.69     1971   8.54      1991  14.74
 1932            1952   6.30     1972   8.07      1992  10.97
 1933            1953   3.27     1973   4.81      1993   6.88
 1934            1954   1.76     1974   4.42      1994   4.36

 1935            1955   5.68     1975   3.10      1995   2.86
 1936            1956  14.55     1976   1.67      1996   1.98
 1937            1957  18.93     1977   3.42      1997   3.08
 1938            1958  16.69     1978   7.50      1998   6.35
 1939  12.61     1959  16.97     1979  13.70      1999   8.93

 1940  10.96     1960  11.22     1980  12.75      2000   9.74
 1941  10.05     1961   6.39     1981  14.01      2001  10.53
 1942   8.17     1962   3.97     1982  15.36      2002  10.14
 1943   2.71     1963   2.82     1983  11.84      2003   6.21
 1944   1.68     1964   2.29     1984   7.10      2004   6.40

 1945   3.94     1965   2.66     1985   3.80      2005   4.64
 1946   8.57     1966   5.10     1986   3.29      2006   4.54
 1947  13.06     1967   9.44     1987   4.80      2007   2.11
 1948  10.43     1968  11.73     1988  11.06      2008   1.60
 1949  11.01     1969  12.06     1989  17.52
-------------------------------------------------------------------------------
