1967                    CORONAL INDEX OF SOLAR ACTIVITY                    1967
Slovak Academy       Fill-Disk Fe Emission (530.3 nm)         Units=10**16 W/sr
===============================================================================
Day    Jan   Feb   Mar    Apr   May   Jun    Jul   Aug   Sep    Oct   Nov   Dec
-------------------------------------------------------------------------------
 1    8.89 10.14 10.52   8.64  9.53  8.23  12.53  8.52  8.89   9.98  9.97 10.11
 2    9.37  9.82 11.16   8.50  9.30  7.46  10.98  8.74  8.75   9.56 10.90 10.21
 3    9.96  9.29 11.52   8.49  9.41  6.76  10.20  8.36  8.83   9.49 10.07  8.75
 4   10.02  8.86 11.80   8.51  9.49  6.39   9.57  8.68  7.68   8.99  9.52  8.90
 5   10.41  9.10 10.54   8.48 10.48  5.85   9.02  8.23  8.53   9.52  9.21  8.40

 6   10.82  9.15 11.33   8.03  9.71  6.33   8.41  7.59  8.31  10.10  9.00  8.71
 7   10.51  9.19 11.21   7.64  9.93  5.13   8.32  7.48  7.85   9.70  8.81  8.64
 8   10.26  9.22 10.50   7.16  9.30  5.31   7.34  8.34  8.45   9.97  8.87  8.20
 9   10.25  9.11 10.86   7.52  9.07  5.42   6.91  7.37  8.83   8.96  8.62  7.93
10    9.74  9.02 10.56   7.65  8.89  5.55   6.73  7.53  8.22   9.57  8.30  8.48

11    9.85  9.40 10.28   7.69  9.12  5.81   6.75  8.33  8.79   9.59  7.90  8.74
12    9.91  9.44 10.51   7.33  9.13  6.60   6.80  8.04  8.91  10.46  8.43  9.36
13    8.78  9.49  9.31   7.56  8.44  5.99   7.17  8.33  8.91   8.78  9.01  9.81
14    7.68  9.98  9.81   7.58  9.24  6.92   7.34  8.48  9.16   7.72  8.89 10.62
15    7.66 10.29 10.31   8.14  8.64  6.95   7.40  8.56  9.12   8.54  8.22 11.29

16    7.69 10.44  9.14   8.33  8.90  7.12   7.66  9.10  8.81   8.54  8.86 12.05
17    7.20  8.94  8.65   9.00 10.46  7.51   7.96  9.52  9.16   8.39  9.59 11.41
18    7.66  8.79  8.52   9.40 10.76  7.80   8.52  9.93  9.77   8.81 10.24 12.45
19    7.79  8.59  8.40  10.16 10.52  7.41   8.48  9.97 10.23   7.92 11.05 12.54
20    8.22  9.80  8.42   9.85 11.36  7.72   8.36  9.91 10.04   7.89 11.53 12.10

21    8.05  9.35  8.95   9.84 10.69  7.69   8.76  9.55 10.01  10.73 10.53 11.86
22    8.95  8.53  8.84   9.53 11.33  7.57   9.67  9.62  9.98   9.46 11.88 11.97
23    8.58  7.89  8.93   9.41 11.68  7.41  10.44  8.92 11.24  11.38 11.54 11.43
24    9.65  8.46  9.34   9.42 11.01  7.24  10.65  9.87 12.02  12.95 12.55 11.99
25   10.53  9.06  8.60   9.82 10.73  8.35  10.33  9.85 12.69  14.58 12.62 12.08

26   10.74 10.65  8.89   8.70 10.93  8.84  10.78  9.24 11.61  12.59 12.58 11.66
27   10.58  9.76  9.34   8.86 10.60  9.27  11.68  9.21 11.33  14.06 11.45 12.60
28   10.79  9.90  9.13   9.10  9.71 10.05  11.09  9.32 10.52  13.76 11.16 13.12
29   10.65  0.00  9.19   9.73  9.53 10.30  11.05  8.63 11.51  14.11 10.35 12.58
30   10.81  0.00  9.12   9.73  8.60 10.09  10.16  9.57 10.40  14.54 10.41 13.18

31   10.57  0.00  8.71   0.00  8.80  0.00   8.96  9.65  0.00  13.12  0.00 13.67
-------------------------------------------------------------------------------
Mean  9.44  9.35  9.75   8.66  9.85  7.30   9.03  8.85  9.62  10.44 10.07 10.80
-------------------------------------------------------------------------------
                                                        1967 Yearly Mean = 9.44
