1942                    CORONAL INDEX OF SOLAR ACTIVITY                    1942
Slovak Academy       Fill-Disk Fe Emission (530.3 nm)         Units=10**16 W/sr
===============================================================================
Day    Jan   Feb   Mar    Apr   May   Jun    Jul   Aug   Sep    Oct   Nov   Dec
-------------------------------------------------------------------------------
 1    8.50 10.16 10.01   9.81  9.16  9.35   9.52  6.29  6.65   6.20  8.09  7.09
 2    8.21 10.35 10.06   9.54  9.17  9.36   9.53  6.77  6.47   6.21  8.22  7.03
 3    7.99 10.21  9.96   9.19  9.17  9.36   9.54  7.07  6.28   6.23  8.48  6.97
 4    7.78 10.18  9.82   8.88  9.18  9.36   9.54  7.14  6.00   6.23  8.72  6.91
 5    7.54 10.17  9.94   9.06  9.19  9.37   9.54  7.14  5.92   6.24  8.86  6.84

 6    7.36 10.20 10.04   9.32  9.19  9.37   9.55  7.23  5.86   6.26  8.91  6.78
 7    7.24 10.05 10.10   9.40  9.20  9.37   9.55  7.35  5.87   6.27  8.92  6.72
 8    7.19 10.67 10.24   9.40  9.21  9.38   9.55  7.74  5.89   6.29  8.72  6.65
 9    7.23 10.66 10.39   9.32  9.22  9.38   9.56  7.81  5.90   6.21  8.49  6.58
10    7.27 10.67 10.32   9.29  9.22  9.39   9.56  7.82  5.92   6.06  7.93  6.52

11    7.32 10.59 10.27   9.37  9.23  9.40   9.56  7.60  5.94   5.94  7.48  6.46
12    7.21 10.52 10.18   9.36  9.23  9.41   9.57  7.39  5.94   5.83  7.16  6.39
13    6.98 10.17 10.06   9.23  9.24  9.42   9.58  7.27  5.96   5.74  6.95  6.34
14    6.87 10.18 10.00   9.13  9.25  9.42   9.58  7.17  5.97   5.64  6.85  6.28
15    6.83  9.95 10.03   9.08  9.26  9.42   9.59  6.94  5.98   5.87  6.97  6.22

16    6.59  9.61 10.01   9.09  9.27  9.42   9.60  6.85  6.00   5.99  6.98  6.16
17    6.69  9.22 10.08   9.09  9.27  9.43   9.56  6.47  6.01   6.20  7.29  6.10
18    6.61  9.21 10.56   9.09  9.28  9.44   9.51  6.13  6.02   6.37  7.53  6.04
19    6.61  9.27 11.05   9.10  9.28  9.44   9.47  6.26  6.04   6.40  7.68  5.98
20    7.13  9.40 11.30   9.11  9.28  9.45   9.24  6.00  6.05   6.37  7.74  5.92

21    7.68  9.85 11.52   9.12  9.29  9.46   8.97  5.76  6.07   6.35  7.71  5.85
22    7.86  9.86 11.71   9.13  9.29  9.47   8.63  5.66  6.09   5.98  7.64  5.79
23    9.01  9.89 11.88   9.13  9.29  9.48   7.89  5.60  6.09   6.00  7.58  5.73
24    9.33 10.11 12.05   9.14  9.30  9.48   7.07  5.64  6.11   6.15  7.52  5.72
25    9.53 10.21 12.01   9.15  9.30  9.49   6.51  5.81  6.12   6.17  7.46  5.74

26    9.93 10.19 11.81   9.15  9.31  9.50   5.77  5.98  6.14   6.32  7.40  5.74
27   10.35 10.26 11.63   9.15  9.32  9.49   5.68  6.31  6.16   6.59  7.33  5.70
28   10.28 10.22 11.31   9.16  9.33  9.50   5.83  6.74  6.16   6.94  7.27  5.63
29   10.35  0.00 10.87   9.16  9.33  9.51   5.64  6.70  6.18   7.43  7.21  5.49
30   10.11  0.00 10.46   9.16  9.34  9.52   5.77  6.74  6.19   7.78  7.15  5.55

31    9.93  0.00 10.03   0.00  9.36  0.00   6.13  6.67  0.00   8.00  0.00  5.60
-------------------------------------------------------------------------------
Mean  8.05 10.07 10.64   9.21  9.26  9.43   8.54  6.71  6.07   6.33  7.74  6.21
-------------------------------------------------------------------------------
                                                        1942 Yearly Mean = 8.17
