1985                    CORONAL INDEX OF SOLAR ACTIVITY                    1985
Slovak Academy       Fill-Disk Fe Emission (530.3 nm)         Units=10**16 W/sr
===============================================================================
Day    Jan   Feb   Mar    Apr   May   Jun    Jul   Aug   Sep    Oct   Nov   Dec
-------------------------------------------------------------------------------
 1    3.25  3.17  2.97   3.43  4.26  5.29   3.89  4.47  5.73   3.71  3.21  2.51
 2    3.20  3.27  2.94   3.28  4.34  4.89   4.00  4.59  5.42   3.70  2.99  2.47
 3    3.16  3.44  2.90   3.09  3.64  4.64   4.10  5.64  5.62   3.25  3.31  2.55
 4    3.18  3.54  2.90   3.44  3.30  4.17   4.14  5.74  5.55   3.08  3.02  2.68
 5    3.42  3.44  3.11   2.93  3.39  5.08   4.02  6.19  5.22   3.02  3.08  2.86

 6    3.52  3.46  3.22   2.81  3.57  4.10   4.01  6.72  4.59   2.91  3.12  3.00
 7    3.56  3.65  3.35   2.81  3.94  4.00   4.02  6.44  4.42   2.81  2.98  3.11
 8    3.49  3.79  3.38   2.88  3.85  3.78   4.20  6.41  3.96   2.71  3.10  3.71
 9    3.53  3.77  3.82   2.93  3.83  3.64   4.55  6.45  3.60   2.69  3.27  3.69
10    3.59  3.67  4.10   3.06  3.84  4.11   4.65  5.63  3.52   2.79  3.18  3.88

11    3.48  3.69  4.40   3.16  3.84  4.33   4.64  5.16  3.32   2.76  3.19  3.80
12    3.43  3.73  4.33   3.12  3.81  4.04   4.60  4.70  3.29   2.77  3.57  3.82
13    3.40  3.67  4.47   3.15  4.01  4.09   4.49  3.85  3.27   2.88  3.64  3.90
14    3.45  3.56  4.20   3.23  3.41  4.00   4.36  3.89  3.22   3.06  3.76  4.20
15    3.56  3.46  4.54   3.30  3.28  4.00   4.12  4.07  3.20   3.49  3.81  4.12

16    3.55  3.37  4.30   3.28  3.38  4.24   3.79  4.20  3.28   3.79  3.81  4.30
17    3.52  3.41  4.02   3.35  3.40  3.87   3.60  3.93  3.16   3.91  3.91  4.32
18    3.64  3.42  3.45   3.27  3.52  3.64   3.71  3.63  3.39   4.14  4.23  4.49
19    3.69  3.29  3.44   3.25  3.55  3.54   3.73  3.68  3.75   4.18  4.14  4.54
20    3.78  3.21  3.72   3.31  3.63  3.60   3.50  3.69  4.11   4.22  4.18  4.36

21    3.69  3.15  3.99   3.52  3.48  3.51   3.51  4.32  4.29   4.16  4.09  4.04
22    3.64  3.10  3.91   3.28  4.15  3.61   3.52  4.45  4.40   4.33  3.89  3.77
23    3.57  3.10  3.80   3.20  4.68  3.62   3.44  4.52  4.19   4.27  3.83  3.46
24    3.47  3.08  3.89   3.27  5.24  3.60   3.58  4.67  4.30   4.41  3.67  3.15
25    3.35  2.77  3.73   3.38  5.60  3.51   3.54  5.57  4.21   4.04  3.31  2.85

26    3.39  2.79  4.15   3.88  5.96  3.42   3.67  5.39  4.19   4.13  2.98  2.46
27    3.04  2.82  3.84   4.03  6.18  3.18   3.83  5.18  3.97   3.88  2.72  2.55
28    3.03  2.93  3.49   3.88  7.23  3.40   4.47  5.08  3.89   4.10  2.49  2.73
29    3.03  0.00  3.73   4.17  7.01  3.55   4.40  4.79  3.76   3.76  2.53  2.62
30    3.07  0.00  3.68   4.24  6.48  3.74   4.42  5.10  3.79   3.47  2.53  2.51

31    3.08  0.00  3.47   0.00  5.76  0.00   4.47  5.34  0.00   3.26  0.00  2.52
-------------------------------------------------------------------------------
Mean  3.41  3.35  3.72   3.33  4.37  3.94   4.03  4.95  4.09   3.54  3.38  3.39
-------------------------------------------------------------------------------
                                                        1985 Yearly Mean = 3.80
