1983                    CORONAL INDEX OF SOLAR ACTIVITY                    1983
Slovak Academy       Fill-Disk Fe Emission (530.3 nm)         Units=10**16 W/sr
===============================================================================
Day    Jan   Feb   Mar    Apr   May   Jun    Jul   Aug   Sep    Oct   Nov   Dec
-------------------------------------------------------------------------------
 1   14.56 15.65 17.67  11.59 10.14 10.80  10.38 10.10 10.81  10.43 10.70  9.40
 2   15.45 15.78 17.35  11.83 10.37 11.25  10.38 10.79 10.81   9.95 10.48  9.70
 3   15.79 14.04 17.52  11.86 10.44 11.06  10.51 11.36 10.80  10.69 10.42  9.63
 4   16.71 12.90 16.90  12.16 10.71 12.38   9.38 11.31 10.52  11.19 10.27  9.39
 5   16.72 11.94 16.45  12.49 10.56 11.14  10.33 10.63 11.93  10.93 10.14  9.90

 6   16.70 12.71 18.17  11.61 10.37 11.53   9.77 10.52 11.80  10.67  9.99 10.52
 7   17.05 13.19 18.18  13.05 10.19 10.79  10.31 11.60 12.13  10.69 10.06 10.31
 8   16.61 13.49 17.75  14.55 10.52  9.94  10.59 11.73 11.94  10.21  8.48 11.01
 9   16.26 13.99 16.95  15.26 10.82  9.85  10.88 13.24 11.95  10.52  9.78 10.59
10   17.17 13.32 15.37  15.05 10.77  9.74  11.66 14.44 11.56  10.88  9.56 10.17

11   17.47 13.97 14.94  14.47 10.84  9.64  12.72 14.13 12.18  10.85  9.57 10.22
12   17.57 15.41 14.79  14.42 11.03  9.25  13.24 13.51 11.09  10.81  9.48  9.92
13   18.49 14.67 13.84  15.70 10.69  9.08  13.42 13.78 10.80  10.76  9.51  9.29
14   17.91 13.77 12.42  16.15 11.62  9.75  13.18 13.90 11.04  10.84  8.61  9.35
15   17.60 14.41 10.91  15.24 12.01 10.32  12.96 13.85 11.94  10.99  9.48  8.75

16   18.43 14.37 11.47  14.50 12.12 10.16  12.76 14.76 11.36  11.11  9.26  8.02
17   17.22 14.76 11.44  12.65 12.29 10.15  12.80 14.06 11.91  10.67  8.85  7.56
18   16.29 15.47 11.40  13.22 11.99  9.31  12.78 13.55 11.24  10.53  8.32  7.41
19   15.94 14.91 10.78  12.97 11.96  8.68  12.25 13.19 11.46  10.51  7.45  7.56
20   15.39 14.34 11.16  12.57 12.00  8.55  11.72 12.77 11.97  10.32  7.44  7.94

21   15.02 16.56 11.80  12.15 11.29  8.22  12.00 12.28 12.39  10.12  7.42  7.65
22   14.61 16.74 13.09  12.00 11.42  8.20  12.59 12.37 10.54   9.79  7.33  7.59
23   14.19 16.84 14.19  10.77 10.67  8.24  12.68 11.93 10.44   9.40  7.39  7.42
24   14.41 16.77 14.77  11.41 10.65  7.94  12.51 12.00  9.95   9.69  7.30  7.53
25   14.41 16.81 14.91  11.22 11.39  8.51  11.33 11.45  9.87   9.37  7.52  7.77

26   14.61 17.00 15.86  10.54 11.03  9.59  10.54 11.43  9.05   9.21  7.93  7.85
27   15.68 18.37 16.47  10.04 10.41 10.04  11.55 11.75  9.01   9.62  8.20  7.73
28   15.39 17.95 15.91  10.08 11.90  9.78  12.26 11.83  8.67   9.97  8.22  7.77
29   15.34  0.00 14.93  10.09 11.15 10.06  12.21 11.36  8.95  10.26  8.68  7.79
30   15.24  0.00 12.94  10.24 11.24  9.01  11.29 12.36  9.61  10.34  9.03  8.10

31   15.17  0.00 12.77   0.00 11.31  0.00   9.67 11.03  0.00  10.51  0.00  8.50
-------------------------------------------------------------------------------
Mean 16.11 15.00 14.62  12.66 11.09  9.77  11.63 12.36 10.92  10.38  8.90  8.79
-------------------------------------------------------------------------------
                                                        1983 Yearly Mean =11.84
