1947                    CORONAL INDEX OF SOLAR ACTIVITY                    1947
Lomnicky Peak Sta     Full-Disk Fe XIV Emission (530.3 nm)    Units=10**16 W/sr
===============================================================================
Day   Jan   Feb   Mar    Apr   May   Jun    Jul   Aug   Sep    Oct   Nov   Dec
-------------------------------------------------------------------------------
 1    5.45  5.57  6.48   5.97  6.08  4.92   6.60  9.37  4.28   8.31 10.23  7.34
 2    5.26  5.20  6.42   6.09  5.98  4.95   6.73  9.05  4.30   8.12 10.23  7.10
 3    5.12  5.29  6.86   6.01  5.93  4.87   6.45  9.17  4.66   8.25 10.20  6.87
 4    4.95  5.33  7.31   6.09  5.77  4.68   6.10  9.25  5.26   8.60 10.14  6.63
 5    4.72  5.46  7.19   6.11  5.51  4.42   6.26  9.42  6.04   9.15 10.06  6.39

 6    4.60  5.37  7.13   6.05  5.12  3.93   6.91  9.80  6.03   9.01  9.64  6.15
 7    4.40  5.35  7.12   6.54  4.71  3.97   6.35 10.01  7.03   8.87  9.54  5.91
 8    4.60  5.91  7.18   6.56  4.56  4.15   5.87  9.97  6.91   8.85  9.23  5.67
 9    4.82  6.30  7.36   6.47  4.44  4.40   5.56  9.83  7.50   8.96  8.90  5.45
10    5.06  6.77  7.41   7.07  4.41  4.78   5.43  9.30  8.08   9.22  8.66  5.22

11    5.45  6.69  7.24   7.10  4.47  5.09   5.61  9.93  8.44   9.35  8.46  5.02
12    5.88  6.05  7.09   7.32  4.61  5.06   6.03  9.65  6.64   8.99  8.80  4.83
13    6.33  6.60  7.02   7.66  4.72  5.48   6.41  9.13  7.73   8.64  8.73  4.65
14    6.80  7.40  6.99   7.22  4.82  5.90   5.94  8.53  6.07   8.78  8.95  4.49
15    7.34  6.97  6.98   6.88  5.05  6.33   6.60  7.82  6.13   9.04  9.33  4.35

16    7.52  7.84  6.88   6.90  5.25  6.76   6.67  7.49  6.31   8.77  9.64  4.28
17    8.06  6.76  6.68   6.70  5.46  6.49   7.04  6.83  5.80   8.72  9.86  4.22
18    8.38  6.54  6.49   6.45  5.98  5.58   7.88  6.42  5.32   8.25 10.08  4.20
19    8.50  7.16  6.31   5.77  6.01  5.67   8.36  5.21  5.47   8.63  9.83  4.22
20    8.48  7.65  6.09   5.78  5.94  5.56   7.44  4.92  5.27   9.28  9.77  4.27

21    8.57  7.14  5.89   5.79  5.94  5.44   8.41  4.65  6.54   9.57  9.56  4.35
22    7.66  6.91  5.35   5.45  5.93  5.22   7.75  4.40  6.61   9.55  9.33  4.47
23    8.11  6.33  4.85   6.07  5.86  4.77   8.42  4.15  6.56   9.86  9.05  4.53
24    8.74  6.38  4.72   5.89  6.96  4.54   8.30  3.98  6.86   9.87  8.79  4.71
25    8.55  6.68  4.63   5.70  6.30  4.81   7.98  3.81  7.29  10.14  8.56  4.91

26    8.25  7.01  4.60   5.85  5.70  4.86   8.43  3.85  7.45  10.27  8.36  5.08
27    7.90  6.80  4.91   6.21  5.64  4.98   7.63  3.90  7.73  10.23  8.18  5.26
28    7.46  6.63  5.02   6.37  5.69  5.00   7.54  3.98  7.11  10.21  8.06  5.42
29    7.20        5.24   6.77  5.84  4.99   9.06  4.06  7.57  10.18  7.82  5.58
30    6.82        5.56   6.24  6.47  5.88   8.80  4.01  7.77  10.18  7.58  5.67

31    6.22        5.80         5.17         8.88  4.24        10.23        5.94
-------------------------------------------------------------------------------
Mean  6.68  6.43  6.28   6.37  5.49  5.12   7.14  6.97  6.49   9.23  9.19  5.26
-------------------------------------------------------------------------------
                                                       1947 Yearly Mean =  6.72
