1950                    CORONAL INDEX OF SOLAR ACTIVITY                    1950
Lomnicky Peak Sta     Full-Disk Fe XIV Emission (530.3 nm)    Units=10**16 W/sr
===============================================================================
Day   Jan   Feb   Mar    Apr   May   Jun    Jul   Aug   Sep    Oct   Nov   Dec
-------------------------------------------------------------------------------
 1    6.40  8.07  7.77   8.49  6.26  7.44   5.83  5.58  5.80   5.14  5.13  5.44
 2    6.18  8.95  7.88   9.64  6.59  7.14   5.64  5.82  5.66   5.34  5.37  5.57
 3    5.93  8.37  7.99   9.56  6.96  6.91   5.43  5.87  5.74   5.25  5.71  5.65
 4    5.84  7.75  8.67   9.63  7.13  7.09   5.35  6.29  5.87   5.27  6.20  5.60
 5    5.79  8.95  7.74   9.69  6.98  7.21   6.15  6.48  5.80   5.24  6.86  5.49

 6    6.08  8.92  8.08  10.14  7.23  6.92   6.00  6.60  5.24   5.51  7.30  5.39
 7    6.32  8.98  9.02  10.22  7.16  6.42   5.83  6.70  4.71   5.96  6.89  5.13
 8    6.43  9.09  8.73  11.17  7.31  6.34   5.99  6.81  4.69   6.22  6.25  5.20
 9    6.41  8.82  8.81  10.84  7.55  6.45   6.24  6.75  4.65   6.51  6.54  5.36
10    6.72  8.57  8.91  10.45  7.59  6.52   6.46  6.58  4.70   6.63  6.79  5.41

11    6.96  8.73  8.70   9.92  7.36  6.29   6.73  6.22  5.15   6.97  6.67  5.48
12    7.42  8.60  8.87   9.59  7.58  6.58   6.56  5.83  4.88   7.15  6.35  5.42
13    7.83  8.48  8.85   9.16  7.62  6.18   6.46  5.83  4.82   7.34  5.97  5.35
14    7.78  8.37  7.96   8.74  7.62  6.17   6.24  6.02  5.02   7.10  5.67  5.45
15    7.67  8.28  8.45   8.15  8.05  6.65   6.02  6.08  5.08   7.27  5.53  5.45

16    8.57  7.52  8.24   7.69  8.37  6.37   6.22  6.08  5.06   7.20  5.44  5.32
17    8.40  7.38  7.93   7.38  7.93  6.25   6.30  5.99  5.75   7.75  5.22  5.23
18    8.27  7.14  8.07   7.10  7.74  6.19   6.41  6.16  5.06   7.48  4.74  5.03
19    8.03  6.88  7.97   6.89  7.63  6.10   6.70  6.36  5.20   7.22  5.03  4.82
20    7.68  6.67  7.53   6.75  8.02  6.59   6.54  6.45  5.39   6.31  5.00  4.83

21    7.50  6.52  8.92   6.92  8.01  6.89   6.96  6.52  5.42   6.40  5.04  4.85
22    7.74  6.31  8.29   7.09  7.85  6.48   7.01  6.27  5.37   6.15  5.23  4.84
23    7.83  6.44  7.84   7.15  7.71  6.34   6.78  6.19  5.51   5.68  5.30  4.81
24    7.52  6.65  8.39   7.13  7.69  6.36   6.71  6.52  5.28   5.17  5.44  4.73
25    7.44  6.87  8.50   7.05  7.51  6.25   6.79  6.55  4.99   4.82  5.57  4.73

26    7.61  7.42  8.49   7.02  8.21  6.14   6.36  6.44  5.47   4.36  5.57  4.77
27    8.07  7.43  9.16   7.13  7.77  5.83   6.48  6.41  5.32   4.31  5.65  4.77
28    8.18  7.44  8.97   6.87  7.35  5.62   6.04  5.99  5.24   4.21  5.63  4.88
29    7.65        8.81   6.56  7.12  5.94   6.20  6.15  4.97   4.13  5.59  5.01
30    7.72        9.09   6.41  7.49  6.03   6.02  6.28  5.04   4.54  5.79  5.17

31    7.83        9.36         7.43         5.85  6.06         5.12        5.49
-------------------------------------------------------------------------------
Mean  7.28  7.84  8.45   8.35  7.51  6.46   6.27  6.25  5.23   5.93  5.78  5.18
-------------------------------------------------------------------------------
                                                       1950 Yearly Mean =  6.71
