1979                    CORONAL INDEX OF SOLAR ACTIVITY                    1979
Lomnicky Peak Sta     Full-Disk Fe XIV Emission (530.3 nm)    Units=10**16 W/sr
===============================================================================
Day   Jan   Feb   Mar    Apr   May   Jun    Jul   Aug   Sep    Oct   Nov   Dec
-------------------------------------------------------------------------------
 1    6.02 12.20 13.21  13.49  9.43  9.66   9.03  8.08  9.75  13.04  9.80  8.83
 2    6.38 12.54 13.38  13.78  9.18  9.50   9.50  7.42 12.05  13.46 10.23  9.21
 3    7.36 13.33 17.54  13.49  8.42  9.05   9.45  7.33  9.33  13.66 10.71  9.62
 4    8.60 15.11 15.18  13.56  8.18  8.35   9.46  7.17  8.90  13.24 10.10 10.01
 5    8.92 13.60 15.87  13.42  8.13  8.44   9.17  7.03  9.15  11.85 10.99 10.42

 6   10.10 12.33 15.41  13.95  7.70  8.72   8.98  7.72 11.45  12.83 10.71 11.40
 7   11.48 11.76 15.29  14.44  7.55  8.70   8.79  7.64  8.10  12.09 12.05 11.79
 8   11.65 11.83 15.11  14.76  7.64  8.41   8.97  7.91  9.35  11.47 13.44 11.71
 9   12.57 12.64 14.25  14.06  7.22  8.18   8.52  8.17  8.59  10.49 12.50 12.24
10   13.72 10.89 13.56  13.81  6.70  8.66   8.35  8.76  8.54  12.23 11.89 12.48

11   11.83  9.82 13.45  12.71  6.48 11.33   8.21  9.10  8.92  10.71 11.77 12.58
12   11.85  8.72 13.40  13.83  6.74 10.90   8.08  9.78  9.24  11.65 12.23 13.36
13   12.36  8.29 12.56  12.55  7.39 10.25   7.95 10.59  8.79  10.33 13.05 13.79
14   10.90  8.73 12.22  12.34  7.34  9.49   7.82 10.65  9.56  10.56 13.72 11.94
15   10.16  8.61 10.97  12.58  7.29  9.36   7.93 10.73  9.76  10.75 12.75 12.13

16   10.96  7.59 11.30  11.36  7.95  9.52   7.90 10.77  9.84  11.24 12.49 12.08
17    8.38  7.81 10.97  12.26  8.49  9.63   7.84 11.17  9.15  10.29 13.66 11.77
18    8.07  7.84 11.01  12.53  8.81  8.51   7.82  9.47  8.57  10.02 15.00 11.56
19    8.34  8.31 10.32  11.93  9.12  7.66   7.77  9.91  8.59  10.31 14.79 11.33
20    8.84  8.55 10.68  12.13  8.77  7.08   7.81  9.85  9.03  10.62 14.51 10.17

21    8.79 10.69 10.97  12.09  8.72  6.94   7.97  9.58  8.86  10.50 12.30 10.15
22    9.16 10.04 11.65  11.38  8.79  7.02   7.75  9.48  8.23  11.61 12.34  9.96
23    9.10 10.76 11.49  11.88  8.77  6.81   7.80  8.98  8.48  11.23 13.83  9.59
24    9.92 10.84 12.24  10.47  8.65  6.77   8.25  8.77  9.46  10.49 11.21  9.39
25   10.46 12.35 11.38  10.36  8.56  6.71   8.09  9.62 10.02  13.01 11.15  9.58

26   10.96 11.99 12.41  10.51  8.50  7.28   8.72  9.32 10.82  11.89 10.51  9.95
27   10.88 15.39 12.40  10.29  8.76  7.53   8.06 10.48 11.65  10.20 10.50  8.59
28   11.41 12.72 12.27  10.13  9.14  8.37   8.08 10.08 11.35  12.77  9.79  8.73
29   12.90       12.25  10.18  9.38  8.64   8.25  9.28 11.96  10.19  9.79  8.94
30   13.02       12.59   9.61  9.31  8.88   8.34 10.59 12.79  10.21  8.91  9.22

31   12.68       12.79         9.54         7.99 11.73        10.49        9.51
-------------------------------------------------------------------------------
Mean 10.25 10.90 12.84  12.33  8.28  8.55   8.34  9.26  9.68  11.40 11.89 10.71
-------------------------------------------------------------------------------
                                                        1979 Yearly Mean =10.36
