1974                    CORONAL INDEX OF SOLAR ACTIVITY                    1974
Slovak Academy       Fill-Disk Fe Emission (530.3 nm)         Units=10**16 W/sr
===============================================================================
Day    Jan   Feb   Mar    Apr   May   Jun    Jul   Aug   Sep    Oct   Nov   Dec
-------------------------------------------------------------------------------
 1    3.30  2.63  3.30   2.83  3.75  5.61   5.97  5.55  5.01   3.76  3.76  4.24
 2    3.06  2.69  3.16   2.84  3.85  6.06   6.03  5.41  5.37   3.82  3.81  4.13
 3    2.94  2.75  3.20   2.96  3.99  6.50   6.09  5.20  5.74   4.12  3.92  3.91
 4    2.95  2.71  3.27   3.45  4.12  6.17   6.21  4.71  6.21   4.48  3.85  3.64
 5    2.84  2.99  3.23   3.77  4.29  6.33   6.30  5.17  6.76   4.86  3.81  3.45

 6    2.83  3.19  3.95   4.18  4.47  6.22   6.37  4.24  7.20   5.36  4.40  3.31
 7    2.93  3.40  3.31   4.48  4.61  6.08   6.25  4.07  7.34   5.56  4.49  3.19
 8    3.32  3.63  3.33   4.70  4.71  5.85   5.98  3.87  7.45   5.76  4.37  3.09
 9    3.77  3.78  3.47   4.90  4.80  5.54   5.58  3.76  7.45   5.89  4.50  3.00
10    4.62  3.91  3.57   4.56  4.79  5.04   5.23  3.61  7.41   5.96  4.46  3.10

11    5.19  4.04  3.70   4.65  4.78  4.72   4.90  3.75  6.94   6.39  4.50  3.10
12    4.71  4.06  3.99   4.64  4.72  4.54   4.57  3.74  6.39   6.57  4.50  3.17
13    4.91  4.16  4.00   4.42  4.87  4.58   4.14  3.93  5.79   6.55  4.61  3.26
14    5.05  4.26  4.13   4.19  4.95  4.56   4.04  4.34  5.58   6.65  4.28  3.41
15    5.07  4.21  4.13   4.00  4.96  4.63   4.10  4.43  5.42   6.47  4.17  3.61

16    5.04  4.21  4.09   3.80  4.88  4.72   4.18  4.97  5.33   6.39  4.18  3.83
17    4.64  4.18  4.03   3.82  4.73  4.85   4.30  5.11  4.54   6.61  4.18  3.77
18    4.01  4.18  3.96   3.80  5.06  4.94   4.45  5.20  4.43   5.93  4.07  3.93
19    3.98  4.27  3.76   3.72  5.39  5.01   4.64  5.86  4.54   5.42  3.86  3.99
20    3.97  4.33  3.60   3.68  5.05  5.10   5.11  5.67  4.51   4.99  4.02  3.97

21    3.96  4.19  3.53   3.64  4.73  5.26   5.49  4.99  4.40   4.45  4.11  3.88
22    3.96  4.15  3.50   3.59  4.36  5.40   5.27  4.78  4.17   4.39  4.21  3.84
23    3.93  4.04  3.43   3.55  4.10  5.54   5.65  4.38  3.89   4.28  4.28  3.81
24    3.91  3.90  3.33   3.53  3.96  5.63   5.80  4.29  3.63   3.70  4.32  3.93
25    3.74  3.70  3.25   3.52  3.90  5.74   5.94  4.35  3.90   3.83  4.10  4.04

26    3.60  3.52  3.15   3.52  3.83  5.82   6.10  4.07  3.70   3.94  4.38  4.17
27    3.46  3.27  3.05   3.54  3.93  5.81   6.21  4.05  3.61   3.82  4.57  4.33
28    3.31  3.43  2.88   3.57  4.16  5.83   6.16  4.05  3.56   3.74  4.49  4.45
29    3.10  0.00  2.83   3.61  4.41  5.86   6.07  4.21  3.59   3.59  4.50  4.45
30    2.93  0.00  2.76   3.66  4.72  5.88   6.08  4.48  3.65   3.45  4.42  4.33

31    2.70  0.00  2.80   0.00  5.17  0.00   5.69  4.68  0.00   3.65  0.00  4.13
-------------------------------------------------------------------------------
Mean  3.80  3.71  3.47   3.84  4.52  5.46   5.45  4.55  5.25   4.98  4.24  3.76
-------------------------------------------------------------------------------
                                                        1974 Yearly Mean = 4.42
