1971                    CORONAL INDEX OF SOLAR ACTIVITY                    1971
Lomnicky Peak Sta     Full-Disk Fe XIV Emission (530.3 nm)    Units=10**16 W/sr
===============================================================================
Day   Jan   Feb   Mar    Apr   May   Jun    Jul   Aug   Sep    Oct   Nov   Dec
-------------------------------------------------------------------------------
 1    7.53  9.90  8.89   8.61  6.00  7.41  10.71  7.13  7.29   6.29  4.82  5.68
 2    7.61 10.32  8.55   8.38  6.08  7.03  10.27  7.82  7.70   6.18  4.91  6.09
 3    7.67 10.89  8.20   8.60  6.31  7.11  10.59  7.63  6.71   6.19  5.17  6.40
 4    8.34 11.13  7.95   9.78  6.25  7.23  10.58  7.98  7.06   6.22  5.48  6.67
 5    9.10 11.66  7.73   9.63  6.23  7.43  11.31  7.78  7.00   6.59  5.61  6.38

 6    8.92 11.11  7.46   8.77  6.40  7.18  11.60  7.67  7.01   6.85  5.72  6.22
 7    9.32 10.40  7.40   9.18  6.70  6.95  11.61  8.16  7.09   6.46  6.39  6.75
 8    8.61 10.11  6.74   8.79  7.26  6.70  10.28  9.43  7.06   6.83  6.02  6.63
 9    8.65  9.97  6.16   8.44  7.85  6.79  10.23  9.63  6.62   6.71  6.32  6.57
10    8.39 10.10  6.31   8.44  7.79  6.96   9.68 10.47  6.35   6.75  6.63  6.62

11    8.54 10.51  6.70   7.81  7.68  6.86   9.41  9.03  6.40   6.49  7.26  6.36
12    8.10  9.60  6.66   7.62  7.80  6.72   8.48  9.60  6.94   6.27  7.23  6.10
13    8.28  8.92  7.10   8.55  7.88  6.70   7.93  9.58  7.89   6.22  7.27  6.23
14    8.24  8.50  7.06   8.03  8.26  6.77   8.15  9.30  7.17   6.25  6.23  6.13
15    7.49  8.45  7.29   7.72  7.56  6.72   8.83  8.38  8.69   6.07  6.53  6.45

16    6.83  8.31  7.73   7.99  7.17  6.77   9.40  8.04  9.16   6.90  6.26  6.85
17    6.93  8.10  8.01   8.00  6.96  6.28   9.38  7.13 10.78   6.33  6.00  7.24
18    7.14  7.41  8.30   8.06  6.88  6.61   9.36  8.41 11.66   6.11  5.13  7.42
19    6.34  7.57  9.00   8.38  6.78  6.78   9.31  7.33 11.51   6.67  4.51  7.67
20    5.67  7.84  9.08   8.77  6.58  6.86   9.30  7.11 10.93   6.91  4.71  7.88

21    5.08  8.37  9.07   7.81  6.24  6.72  10.10  7.29 11.31   7.17  5.30  7.81
22    5.70  8.78  9.13   8.12  6.09  6.74   9.63  7.38 11.42   7.19  5.42  7.10
23    5.97  9.26  9.19   7.90  6.08  6.87   8.67  7.54 12.04   6.81  5.40  7.75
24    6.50  9.40  9.27   7.53  6.13  7.37   8.73  7.53 10.73   6.49  4.64  6.76
25    7.09  9.42  9.44   7.05  6.31  7.98   8.75  7.13  9.01   6.19  4.96  6.93

26    7.34  9.28  8.64   6.12  6.44  8.60   8.20  7.52  8.65   5.76  5.38  6.74
27    7.68  8.98  7.98   5.77  6.68  9.46   9.33  8.15  8.23   5.33  5.81  7.09
28    8.72  8.98  7.71   6.00  6.90  8.98   7.98  7.95  7.75   4.86  5.78  7.66
29    8.51        7.80   6.04  7.07  9.61   7.01  8.26  7.28   4.63  5.48  7.27
30   10.72        8.56   5.98  7.29 10.22   7.67  7.96  6.71   4.54  5.17  6.45

31   10.29        7.75         7.37         7.78  7.71         4.38        7.26
-------------------------------------------------------------------------------
Mean  7.78  9.40  7.96   7.93  6.75  7.11   9.57  8.08  8.54   6.48  5.64  6.66
-------------------------------------------------------------------------------
                                                        1971 Yearly Mean = 7.65
