1991                    CORONAL INDEX OF SOLAR ACTIVITY                    1991
Lomnicky Peak Sta     Full-Disk Fe XIV Emission (530.3 nm)    Units=10**16 W/sr
===============================================================================
Day   Jan   Feb   Mar    Apr   May   Jun    Jul   Aug   Sep    Oct   Nov   Dec
-------------------------------------------------------------------------------
 1   20.00 15.76 15.65  14.29 14.26 15.21  19.18 18.32 13.95  13.56 13.47 14.19
 2   19.11 16.10 15.68  13.63 14.55 15.41  19.16 18.15 13.63  14.08 13.83 13.61
 3   17.24 15.46 15.85  15.04 14.69 16.80  19.28 17.93 13.79  14.21 14.57 13.42
 4   17.49 16.41 15.51  15.44 14.85 16.29  19.45 16.90 14.66  14.13 15.42 12.97
 5   17.78 16.79 16.75  15.37 15.24 16.39  20.97 17.04 14.71  14.70 15.47 13.16

 6   17.74 16.65 14.94  15.28 15.40 16.41  18.05 15.38 14.67  15.58 15.71 12.90
 7   18.15 16.16 14.73  15.90 15.63 16.71  16.78 15.74 16.07  15.82 15.71 12.74
 8   17.16 15.79 14.26  15.74 15.65 16.70  15.70 15.44 16.70  15.87 16.29 12.76
 9   16.56 15.66 13.74  17.82 15.64 16.70  15.35 15.59 16.69  16.04 16.31 12.54
10   15.99 15.65 13.93  18.02 15.88 16.22  15.19 16.07 17.74  16.07 16.35 12.30

11   15.43 14.29 15.73  19.01 15.96 15.65  15.10 17.43 19.46  15.63 16.54 12.63
12   14.28 13.38 15.13  19.51 15.93 15.28  13.56 18.46 20.03  15.49 16.60 11.91
13   14.71 12.89 16.70  20.55 16.46 14.81  13.93 16.90 19.78  15.25 16.19 11.55
14   12.97 13.56 18.02  20.40 16.80 15.01  14.28 17.89 20.22  14.37 16.03 12.05
15   14.30 14.08 18.67  21.21 15.81 14.12  14.97 18.02 17.78  15.61 15.69 12.00

16   13.56 14.48 21.13  20.45 15.05 13.22  15.10 18.46 19.54  14.95 15.64 12.18
17   13.71 14.82 19.56  21.05 14.53 12.81  15.43 18.36 19.52  14.51 15.50 12.29
18   14.70 15.05 17.95  19.24 14.71 13.25  15.94 17.54 18.29  15.00 14.42 12.27
19   16.17 15.85 17.03  17.97 14.82 13.17  16.96 16.53 18.86  14.65 13.31 12.39
20   15.20 16.07 16.75  16.74 14.35 13.49  17.43 16.60 19.86  14.95 12.43 12.60

21   16.36 15.90 15.90  17.17 13.27 13.65  18.11 16.85 18.51  16.74 12.13 12.74
22   17.76 16.74 15.58  16.15 12.64 13.62  18.45 17.10 19.45  14.31 11.65 13.07
23   16.85 16.78 13.35  17.13 12.63 14.24  19.00 17.93 19.27  14.18 10.27 13.54
24   18.05 16.75 12.44  15.04 12.78 15.32  19.75 18.75 17.97  13.65 10.26 14.15
25   17.87 17.24 12.17  14.22 12.75 15.72  20.27 18.35 18.61  12.77 11.18 14.21

26   16.76 15.09 14.01  14.57 12.89 16.43  19.19 18.28 16.39  12.69 11.90 14.50
27   17.92 16.03 13.20  15.38 12.55 17.14  19.44 18.31 15.07  12.58 12.76 14.88
28   17.73 16.20 13.54  14.27 13.25 17.50  18.95 17.01 13.96  11.57 12.94 16.03
29   15.81       13.67  13.90 13.96 19.20  19.47 16.62 13.87  12.46 12.96 17.41
30   16.56       14.18  13.36 14.53 19.40  20.34 16.19 13.27  12.65 13.23 18.86

31   16.05       13.87        14.76        19.03 13.64        12.14       18.38
-------------------------------------------------------------------------------
Mean 16.45 15.56 15.47  16.80 14.59 15.53  17.54 17.15 17.08  14.39 14.16 13.56
-------------------------------------------------------------------------------
                                                       1991 Yearly Mean = 15.69
