1963                    CORONAL INDEX OF SOLAR ACTIVITY                    1963
Slovak Academy       Fill-Disk Fe Emission (530.3 nm)         Units=10**16 W/sr
===============================================================================
Day    Jan   Feb   Mar    Apr   May   Jun    Jul   Aug   Sep    Oct   Nov   Dec
-------------------------------------------------------------------------------
 1    2.60  2.76  2.25   2.48  2.37  3.41   3.29  3.88  2.53   1.80  2.69  2.62
 2    2.65  2.47  2.98   2.51  2.32  3.24   3.36  3.41  2.49   1.95  2.48  2.63
 3    2.69  2.44  3.12   2.43  2.47  3.32   3.23  3.31  2.40   2.08  2.55  3.05
 4    2.58  2.40  3.10   2.43  2.76  3.79   3.38  3.00  2.51   2.07  2.47  2.88
 5    2.49  2.53  3.26   2.40  2.89  3.23   3.39  3.05  2.69   2.40  2.57  2.49

 6    2.51  2.74  3.26   2.38  3.22  3.81   3.24  2.76  2.68   2.46  2.84  2.65
 7    2.58  2.69  3.11   2.43  3.23  3.77   2.99  2.70  2.81   2.72  2.92  2.73
 8    2.85  2.54  3.68   2.48  3.58  3.88   2.93  2.34  2.97   2.78  2.95  2.93
 9    3.00  2.65  3.03   2.57  3.68  3.91   2.68  2.10  3.29   3.02  2.95  3.08
10    2.95  2.56  2.91   2.57  3.59  3.84   2.62  2.08  3.22   3.21  3.08  2.80

11    2.90  2.57  2.94   2.73  3.43  3.42   2.79  2.16  3.35   3.41  3.11  2.72
12    3.09  2.53  2.96   2.86  3.36  3.64   2.70  2.19  3.20   3.22  3.13  2.92
13    3.07  2.29  2.80   2.87  3.34  3.56   2.73  2.29  3.37   3.19  3.21  2.94
14    2.99  2.38  2.74   2.85  3.34  3.41   2.93  2.48  3.71   3.20  3.39  2.83
15    2.80  2.50  2.77   2.82  3.10  2.94   2.99  2.36  3.64   3.25  3.34  2.68

16    2.83  2.65  2.94   2.49  3.30  2.97   3.01  2.71  3.59   3.19  3.66  2.65
17    2.90  2.68  2.61   2.70  3.29  2.86   3.20  2.80  3.42   3.19  3.33  2.60
18    2.99  2.68  2.71   2.71  3.24  3.22   2.99  3.05  3.36   3.08  3.17  2.56
19    2.86  2.56  2.24   2.71  3.08  2.82   2.94  2.97  3.49   3.01  3.24  2.67
20    2.73  2.48  2.12   2.76  2.98  2.67   2.77  3.00  3.59   2.97  3.20  2.61

21    2.73  2.32  2.21   2.69  2.86  2.31   2.78  3.09  3.40   2.79  3.13  2.61
22    2.84  2.27  2.21   2.58  3.06  2.55   2.68  3.02  3.14   2.66  2.93  2.64
23    2.53  2.07  2.14   2.60  3.03  2.27   2.56  2.92  2.86   2.68  2.61  2.52
24    2.40  2.06  2.43   2.60  3.30  2.47   2.48  3.05  2.69   2.50  2.57  2.55
25    2.38  2.14  2.24   2.59  3.53  2.49   2.71  3.01  2.49   2.42  2.57  2.51

26    2.60  2.13  2.23   2.57  3.70  2.68   2.90  2.94  2.36   2.48  2.42  2.59
27    2.56  2.18  2.26   2.58  3.76  2.50   2.95  3.20  2.39   2.49  2.68  2.29
28    2.55  2.27  2.33   2.60  3.78  2.73   3.01  2.71  2.12   2.54  2.63  2.23
29    2.58  0.00  2.42   2.50  3.99  2.85   3.11  2.74  1.90   2.51  2.54  2.13
30    2.63  0.00  2.56   2.48  3.89  3.25   3.34  2.97  1.83   2.36  2.61  2.25

31    2.64  0.00  2.44   0.00  3.50  0.00   3.57  2.75  0.00   2.51  0.00  2.06
-------------------------------------------------------------------------------
Mean  2.73  2.45  2.68   2.60  3.26  3.13   2.98  2.81  2.92   2.71  2.90  2.63
-------------------------------------------------------------------------------
                                                        1963 Yearly Mean = 2.82
