1970                    CORONAL INDEX OF SOLAR ACTIVITY                    1970
Slovak Academy       Fill-Disk Fe Emission (530.3 nm)         Units=10**16 W/sr
===============================================================================
Day    Jan   Feb   Mar    Apr   May   Jun    Jul   Aug   Sep    Oct   Nov   Dec
-------------------------------------------------------------------------------
 1    9.86  8.00 11.51  14.00 14.46 13.65  14.75 12.73 17.85  13.21 13.39 14.39
 2   10.73  8.29 12.23  13.81 13.94 14.43  15.32 12.68 16.34  13.80 12.39 14.05
 3   10.49  8.70 12.24  14.58 13.81 14.17  15.30 11.73 15.65  13.90 11.25 13.77
 4    9.65  9.35 12.14  13.42 14.09 14.61  15.56 12.17 15.57  12.96 10.80 14.39
 5    8.73  9.28 12.42  12.70 14.26 14.97  15.89 12.27 14.63  14.04 10.39 15.69

 6    8.36  9.68 12.58  14.96 14.04 14.49  15.67 12.98 13.85  13.44  9.97 16.57
 7   10.20  9.85 12.61  13.07 13.18 14.99  14.96 12.11 13.67  13.86 10.39 17.02
 8   10.60 10.11 12.60  12.90 12.27 15.63  14.63 11.61 12.26  12.83  8.63 16.64
 9   10.45 10.20 12.49  13.05 12.79 13.43  14.03  9.68 13.56  14.63  8.60 16.10
10   10.34 10.01 12.61  14.05 13.35 13.47  13.47 10.33 14.68  13.67  8.82 16.93

11   10.24 10.63 13.27  13.46 13.86 13.02  12.75  9.68 14.36  14.84  8.70 17.52
12   10.24 12.13 13.66  13.46 13.65 11.24  11.94 10.03 14.01  13.87  8.71 16.22
13   11.27 11.74 13.91  13.83 12.75 12.73  12.03 10.02 13.89  12.98  9.84 16.71
14   11.11 11.64 14.14  14.85 13.92 12.05  11.50  9.52 15.66  12.22  7.93 17.07
15   10.67 11.19 14.47  14.00 13.68 11.01  11.89  9.29 15.40  13.16  8.63 17.23

16   10.44 11.25 14.99  14.93 13.88 11.29  12.28  9.98 15.91  12.42  9.20 17.34
17   10.29 14.09 16.59  12.20 14.64 10.80  12.21 10.94 15.63  12.92  9.30 16.72
18   10.29 14.28 16.07  11.83 15.27 10.41  11.78 12.05 13.86  12.32  9.68 16.14
19   10.35 12.56 16.42  11.88 14.47 11.62  13.19 12.18 14.07  11.37 10.73 15.77
20   11.67 11.14 16.21  11.69 15.56 10.53  13.61 12.76 16.20  11.51 10.71 14.90

21   11.20 10.36 15.74  10.91 14.37 10.80  14.27 13.67 15.47  11.61 10.70 14.03
22   11.00 11.52 17.60  11.13 15.29 10.75  14.29 14.59 15.72  11.71 10.14 12.19
23   10.44 12.32 18.51  10.73 15.44 10.13  14.38 15.64 14.59  12.01 11.13 10.21
24    9.65 10.72 16.73  10.95 15.52 10.61  15.30 16.38 13.87  11.95 10.64 11.00
25    9.15 10.07 19.48  10.93 15.59 11.12  15.39 15.81 13.26  12.24 12.72 10.22

26    9.00  9.75 17.91  11.42 15.83 11.29  15.38 16.94 14.09  12.75 12.39  9.21
27    8.67 10.28 16.65  11.60 13.64 12.19  14.39 17.19 14.28  13.29 11.93  9.86
28    8.22 11.23 19.25  12.09 14.92 12.43  13.56 17.32 14.83  13.42 11.53  8.63
29    7.98  0.00 16.94  12.59 14.30 13.28  13.11 17.44 13.66  13.47 12.30  8.51
30    7.50  0.00 15.61  13.40 15.19 14.22  13.12 17.54 12.66  13.33 13.27  9.95

31    7.76  0.00 18.30   0.00 14.75  0.00  12.67 17.37  0.00  13.36  0.00  9.82
-------------------------------------------------------------------------------
Mean  9.89 10.73 15.03  12.81 14.28 12.51  13.83 13.05 14.65  13.00 10.49 14.03
-------------------------------------------------------------------------------
                                                        1970 Yearly Mean =12.88
