1996                    CORONAL INDEX OF SOLAR ACTIVITY                    1996
Slovak Academy       Fill-Disk Fe Emission (530.3 nm)         Units=10**16 W/sr
===============================================================================
Day    Jan   Feb   Mar    Apr   May   Jun    Jul   Aug   Sep    Oct   Nov   Dec
-------------------------------------------------------------------------------
 1    2.35  2.81  1.60   1.47  1.73  1.88   1.77  1.95  2.41   2.28  1.41  2.62
 2    2.26  3.34  1.49   1.56  1.62  1.88   1.75  1.95  2.48   2.10  1.43  2.61
 3    2.22  3.34  1.34   1.42  1.44  2.10   1.80  2.42  2.46   2.10  1.50  2.53
 4    2.32  3.13  1.29   1.31  1.45  2.27   1.65  2.22  2.41   1.72  1.33  2.54
 5    2.26  2.84  1.24   1.21  1.88  1.92   1.85  2.24  2.39   1.50  1.13  2.23

 6    2.25  1.87  1.25   1.08  1.90  2.57   2.01  2.23  2.31   1.34  0.97  2.24
 7    2.16  1.95  0.96   1.15  1.99  2.34   2.47  2.09  2.13   1.23  1.10  2.25
 8    2.07  1.94  0.88   1.44  2.04  1.66   2.46  1.99  1.93   1.00  1.32  2.19
 9    2.17  1.78  0.87   1.32  2.02  1.83   2.49  1.88  1.84   1.18  1.53  3.03
10    2.22  1.41  1.09   1.49  2.07  1.54   2.59  1.41  1.73   1.03  1.84  4.08

11    2.08  1.37  1.37   1.62  2.05  1.23   2.71  1.69  1.73   0.80  2.02  3.49
12    1.98  1.30  1.28   1.64  1.97  1.50   2.39  1.55  1.63   0.93  2.25  3.77
13    1.79  1.46  1.31   1.75  1.86  1.68   2.52  1.52  1.57   1.02  2.37  4.08
14    1.76  1.54  1.30   1.68  1.83  1.58   1.70  1.52  1.55   1.46  2.44  4.06
15    1.99  1.61  1.44   1.72  1.86  1.60   1.72  1.56  1.50   1.62  2.33  4.65

16    2.29  1.66  1.45   1.60  1.87  1.61   1.80  1.59  1.67   1.84  2.30  4.95
17    1.98  1.64  1.32   1.61  1.64  1.63   1.47  1.65  1.67   1.98  2.22  4.01
18    2.21  1.59  1.20   1.74  1.75  1.63   1.50  1.60  1.97   2.14  2.31  3.64
19    2.15  1.49  1.21   1.78  1.86  1.70   1.48  1.71  1.86   2.28  2.48  3.47
20    2.39  1.36  1.00   1.46  1.99  1.75   1.50  1.79  2.30   2.34  2.55  3.37

21    2.60  1.25  1.04   1.56  2.01  1.83   1.61  1.92  2.42   2.23  2.56  3.55
22    3.21  1.19  0.89   1.52  1.76  1.94   1.72  2.10  2.45   2.36  2.56  3.65
23    2.86  1.13  0.98   1.58  1.80  2.04   1.76  2.17  2.45   2.35  2.44  3.30
24    2.92  1.13  1.05   1.88  1.78  2.09   2.07  2.17  2.66   2.23  2.57  2.97
25    2.89  1.17  1.06   1.74  1.70  2.12   2.36  2.12  2.54   2.09  2.49  2.75

26    3.21  1.21  1.15   1.58  1.68  2.05   2.33  1.94  2.56   1.88  1.93  2.64
27    3.14  1.44  1.38   1.58  1.61  2.02   2.13  2.14  2.53   1.82  1.95  3.21
28    3.29  1.51  1.42   1.58  1.46  1.95   2.41  2.15  2.47   2.22  2.14  3.87
29    3.14  1.77  1.48   1.68  1.50  1.84   2.47  2.07  2.47   2.07  2.30  3.40
30    3.29  0.00  1.50   1.83  1.24  1.77   2.36  2.13  2.43   1.86  2.53  2.85

31    3.07  0.00  1.49   0.00  1.24  0.00   2.28  2.29  0.00   1.61  0.00  2.64
-------------------------------------------------------------------------------
Mean  2.47  1.77  1.24   1.55  1.76  1.85   2.04  1.93  2.15   1.76  2.01  3.25
-------------------------------------------------------------------------------
                                                        1996 Yearly Mean = 1.98
