2006                    CORONAL INDEX OF SOLAR ACTIVITY                    2006
Slovac Academy       Full Disk Emission (530.3nm           Units=10**16 W/sr
===============================================================================
Day    Jan   Feb   Mar    Apr   May   Jun    Jul   Aug   Sep    Oct   Nov   Dec
-------------------------------------------------------------------------------
 1    5.83  4.75  5.57   4.60  3.51  6.04   6.03  6.11  4.73   5.75  2.92  2.37
 2    6.63  4.90  5.46   4.39  3.64  6.22   5.91  5.78  4.66   4.64  2.88  2.49
 3    6.79  4.64  5.03   4.19  3.85  6.54   5.82  5.15  4.57   5.91  3.08  2.62
 4    6.22  5.35  4.99   3.98  4.13  6.67   5.75  4.58  4.88   4.63  3.18  2.70
 5    6.15  4.51  5.16   3.77  4.73  5.54   5.92  5.04  5.57   4.81  3.02  2.77

 6    5.92  3.81  5.26   3.78  5.01  5.33   5.95  5.07  5.30   4.99  2.66  2.73
 7    5.83  3.62  4.95   4.50  4.76  5.57   5.57  5.12  5.24   6.00  2.81  2.65
 8    6.11  3.58  4.69   4.60  4.64  5.81   5.26  4.33  5.19   4.72  2.97  2.60
 9    6.00  4.22  4.09   4.59  4.44  5.93   4.92  3.65  5.19   4.97  3.04  2.57
10    3.97  4.31  4.42   4.48  4.34  5.70   4.55  3.65  5.44   3.84  2.85  2.52

11    3.86  4.04  4.94   4.28  4.84  5.48   4.42  3.87  5.49   3.85  2.69  2.48
12    4.00  3.95  4.70   4.17  4.60  5.57   4.42  4.19  5.19   4.33  2.70  2.48
13    4.21  4.08  4.63   4.33  4.37  5.50   3.69  4.01  5.41   4.51  2.67  2.66
14    5.08  4.65  5.18   4.18  4.24  5.67   3.57  3.72  5.34   3.97  2.63  2.94
15    5.55  5.25  5.54   4.03  4.23  5.59   3.82  3.58  5.35   3.71  2.64  3.19

16    5.52  5.59  5.23   3.84  4.18  5.33   4.02  3.28  5.29   4.49  2.58  3.26
17    5.53  6.47  5.48   3.64  4.21  5.43   4.28  4.05  5.41   3.26  2.59  3.27
18    6.27  6.69  5.56   3.67  4.08  5.50   4.40  4.33  5.15   4.38  2.66  3.24
19    6.46  6.59  5.53   3.60  4.23  5.22   4.87  4.75  4.52   3.62  2.71  3.10
20    6.58  6.49  5.49   4.07  4.46  5.71   5.31  5.15  3.90   2.90  2.70  2.89

21    7.78  6.23  4.01   3.98  5.34  5.60   5.80  4.77  3.74   3.06  3.16  2.58
22    8.03  6.14  4.89   3.71  5.46  5.32   6.34  4.11  3.46   3.15  2.69  2.24
23    7.75  6.34  4.05   3.90  4.73  5.56   6.99  5.45  4.26   2.59  2.57  2.31
24    6.75  6.00  3.90   4.02  4.87  5.77   6.31  4.42  4.99   3.65  2.49  2.34
25    6.56  5.58  4.04   3.94  4.95  5.93   6.86  4.43  3.58   2.98  2.41  2.37

26    6.50  5.20  4.29   3.86  5.17  5.91   6.70  4.32  3.35   3.11  2.34  2.45
27    6.26  4.88  4.38   3.53  6.24  5.77   6.47  3.93  4.01   2.97  2.36  2.54
28    6.69  5.56  4.79   3.40  5.84  5.67   6.36  3.70  4.16   3.14  2.16  2.71
29    6.00        4.55   4.44  5.73  5.91   6.00  4.69  4.26   3.31  2.20  3.10
30    4.98        3.89   4.15  5.53  6.07   5.72  4.52  4.09   4.83  2.28  3.18

31    4.87        4.26         5.51         5.79  4.61         2.73        3.03
-------------------------------------------------------------------------------
Mean  5.96  5.12  4.80   4.05  4.71  5.73   5.41  4.46  4.72   4.03  2.69  2.72
-------------------------------------------------------------------------------
                                                        2006 Yearly Mean = 4.53
