			    Stanford Mean Solar Magnetic Field (microTesla)

       1999                                                                               

        Jan.   Feb.  March  April   May    June   July   Aug.   Sept.  Oct.   Nov.   Dec. 
 day
  01     24    -43    -43    -41    -10     -4    -34     22    -23    -55     11     70
  02     17    -26    -41    -29      .      .    -20     11    -35    -31     70     91
  03      3    -30    -49      .      .      .    -10     -2    -33    -41     32     82
  04      1    -25    -38    -23     22    -26    -10    -22    -27      4     93     45
  05    -32    -22    -44      .     31    -31     -9      .    -25      6     71     64

  06    -74      .    -25      .     12    -23     15      9      9     36     93     38
  07      .      .    -28      .     -4    -15     13     -2     10     40     39      .
  08     -9      .      .      .    -22      9      2     36     58     67      .      .
  09    -28      .    -24     48    -23     30     28    -12     43     29     40      .
  10      3     19      .     46     -8     29     15      5     60     75      .    -95

  11     33     41     22      .     -9     35     34      .     92     83    -75   -105
  12     36     14     19    -10     12     22     33     38     96     59     13    -35
  13     26     65     29     -6     25     13      2     34     95    -24    -99    -28
  14     35      .      .     -4     32     25     -8     44     95    -31      .      8
  15     36     32      .     19     29      7      6     58     52    -71    -68     -2

  16     19      .      .     19     29      3     29     81     -9    -79      .      3
  17      .     -8     -2     25     16      3     19     79    -27    -86     31    -10
  18      .      .     -1     35     12     12     21     69    -68    -56      0      .
  19      .     15      .     35    -19      8     34     26    -71    -32      .      .
  20      .      .      .     15      4     11     46    -11    -59     38     20    -42

  21    -31     23      .      1    -10    -17     57    -40     -8     52     -1     30
  22      .     15      .     -5    -14     -5     71    -54      .     25    -19     20
  23      .     31      .    -15    -18     -1     19    -15     52     26     30     -9
  24     23     19      .    -10    -17     -1     21     13     84     32    -12    -17
  25      .     18      .    -10    -18      8    -15      6    109     -6    -21    -10

  26      .    -14      .    -20    -27     15    -43      .     40    -24      .     10
  27      6    -27    -51    -13    -28     23    -20    116      6      .      .     32
  28     10      .    -52    -28    -29     10    -20     93    -28    -30      .     13
  29      3      .    -26    -28      .     -6    -21     65    -53    -53      .     58
  30      2      .    -22    -36     -5    -27     -1     30    -57     -8     87     73
  31      .      .    -52      .     17      .     29     -9      .    -21      .      .