			    Stanford Mean Solar Magnetic Field (microTesla)

       1994                                                                               

        Jan.   Feb.  March  April   May    June   July   Aug.   Sept.  Oct.   Nov.   Dec. 
 day
  01      2    -28    -12    -50    -34    -26    -14      5     20     37     -7    -32
  02      3    -51    -29    -44    -35    -25      7     -1     21     46    -27      .
  03      .      .    -54    -41    -35    -17     23     13     31      0    -21      .
  04      .    -61    -55    -41      .     -4     23     28     17      .    -35      .
  05    -40      .    -62    -38      .     17      4     27     -3      4      .    -18

  06    -41      .    -54    -31      .     34      4     34    -24    -14      .      .
  07    -36      .    -44    -38    -22     42      9     43    -27    -24    -29    -10
  08    -37    -32    -43      .     -4     40     17     45    -15    -24    -17      0
  09    -46    -33    -54    -23     12     34     33     25    -28    -21      .      3
  10    -22      .      .    -11     30     38     32     19    -32    -12    -10      2

  11    -26    -45    -34    -18     38     28     34     -3    -33     -8    -11     -2
  12    -16    -37    -28      3     53     26     41    -16    -24    -13      2      .
  13    -24    -36    -35     36     42     28     30    -27    -14      1      7      .
  14      .    -25    -32     45     38     39     12    -27     -8      0     26      .
  15    -25    -14      8     63     29     39      5    -24     -4      9      .    -19

  16    -26    -15      1      .     30     29     -3    -17     -5     24     10    -12
  17     -6      .     36     54     50     21    -19    -13    -10      .      .      8
  18    -18      .     42     37     53      9    -24    -13      3     33     -3      8
  19     20      .     59     35      .      0    -21    -15     15     23      0      .
  20      .      .     50     37     41    -16    -16     -3     15     24     15     30

  21     11     57     43     61     27    -13    -14     -3      6      8     13     14
  22     56     43     50     50      5    -25    -14      1     11      5     28     22
  23     71     41     42      .     -9    -18    -14      2     -4      8     24     15
  24      .     32      .      .    -16    -18    -12     18     -2      2     48      .
  25      .      .     48      .    -19    -29    -10      6     -4      4     23     -6

  26      .      .     40    -26    -31    -20     -6      3     -7     30     22      .
  27     42      .      .    -22    -30    -33     -3     -1      4     26      .      .
  28     33     26      4    -39    -32    -32      2     -7     22     34      6    -12
  29     19      .      .    -48    -29    -29      4      2     31     26     -8    -31
  30     22      .    -35    -43    -41    -14     13     -3     40     22    -26    -38
  31     33      .    -49      .    -40      .     14     12      .      2      .      .