			    Stanford Mean Solar Magnetic Field (microTesla)

       1996                                                                               

        Jan.   Feb.  March  April   May    June   July   Aug.   Sept.  Oct.   Nov.   Dec. 
 day
  01      .     -7     -2      .     19     10     14    -19    -27      3     -7     -5
  02     -1      .     13     -9     -2      8      6    -22     -4      2     -8    -10
  03      .      .      .     -4     -2      1      5    -38      1      .      .     -4
  04      7      .      .     -4      5      4     -1    -36      8     12      .      9
  05     -7     -2      .     -3      4      3      5    -21      6      1      0      .

  06    -11      .     -6      3      6      3     -8      2      7     -4      1      .
  07      .      2      .      6      2     -4    -20      1      2      .     -5     18
  08      .      .    -12      .     -6     -7     -2      8     11      6      9      .
  09     -9      .      .      .     -7     -4     -5      2      2     -2     38      .
  10     -7     27    -28      4     -7    -14      .      4     -4     16      8      .

  11      0     -1      .    -12     -8    -18    -12      4     -4      2     11    -58
  12     -7     -3      .    -12    -12    -14     -4     -7    -25     17     -1     -2
  13      .     -1     -1    -21    -12     -5      0     -1     -1      0      5     15
  14    -22     14     -6    -19      .      0     -4      0      6      1      .     -9
  15      .      .      1      .      .      2      5     -7     10     15      8     -9

  16      .     12    -10     -1      .      1     -3      4     12     17      .     -9
  17    -12      .    -17      .      .      1      2      5     11     13      .      2
  18      .     22    -10     -8      3      0     -2     10      9      .     -3     -2
  19      .      .    -10     -1      0     -8     -9      8     17     14      .      5
  20    -14      .    -13     -1     -6      2     -5     14     26      5    -25      .

  21      .      .     -4     19      .     -3     -1     14     33     -2      .      .
  22    -14     -2    -23     -6     10     -3      1     13     20    -18    -28      .
  23      .      .     -5     -6      3      1     -3     19      5    -24      .     11
  24      .      .     -1     22     -3     14      9     28     -9      .    -13    -17
  25     -4     -5      .      0     -1     15      9      .    -17    -18    -15    -14

  26      .     -1    -11      5     17      .      7      .    -44    -13     -1      .
  27      .      .      0     -2      4     25     15     -2     -5      3     -7    -22
  28    -10    -11      0     -5     -3     10     13     -8    -26     -3      .      .
  29      .      .      1     -1      5     14      0    -23     -7      .    -12      .
  30      .      .     -2     -3      6      8     -9    -43      2      .     -9      .
  31      .      .      .      .     19      .    -10    -50      .      7      .      .