			    Stanford Mean Solar Magnetic Field (microTesla)

       2003                                                                               

        Jan.   Feb.  March  April   May    June   July   Aug.   Sept.  Oct.   Nov.   Dec. 
 day
  01    -63    -99   -114      .      .     89     65    -54    -30    -22    -45      .
  02      .   -115   -107    -22      .     89     36    -62    -40      .      .      .
  03    -75   -115      .      7      .     84     11    -42    -32    -38     29     34
  04    -79    -90    -94     28     63     70    -10    -22    -16    -38     52      .
  05   -114    -49    -63     62     63     41    -55    -18    -25    -22      .      .

  06   -115    -13    -23     86      .     18    -87    -24    -45     -2     53      .
  07    -93      9     -8     83     64     27    -61    -18    -43     25      .     82
  08    -35     30     31     69      .    -20    -53    -27    -37     34      .     81
  09      .     56     52     79     70    -24    -41    -45    -19     46      .      .
  10      .     68     91     89     62     -4    -37    -52    -19     44     70      .

  11      .      .     96     89     34     -8    -48    -62     11     58     66     50
  12     87      .     91      .     12    -16    -46    -43     29     67     57      .
  13     40      .      .     72    -10    -42    -53    -20     57     69     44     14
  14    101      .      .      .    -20    -50    -66      7     69     70      .    -35
  15     96      .     75      3    -51    -51    -72     29     92     64      .    -56

  16    120     92      .      .      .    -69    -58     48     78     64     23    -75
  17    102     82     68    -25    -55    -69    -43     65     71     40    -46    -46
  18    115     35     30    -32    -67    -85    -53     70     71     45    -59    -93
  19    103     14      7    -43    -85    -76    -11     83     51     19    -41      .
  20      .    -27    -25    -61    -81    -75      9     84     18     11    -99      .

  21      .    -45    -49      .   -106    -44     19     65     15     -5    -89      .
  22      .    -53      .    -42   -104    -20     59     49     -7    -36    -78      .
  23      .    -72    -57      .    -95      7     65     56    -38    -54    -48      .
  24     24      .    -65    -93    -79     44     69     41    -74    -80    -35      .
  25    -34    -59    -64      .    -55     67     90     23    -67    -94    -71      .

  26    -14      .    -56    -72    -16     79     92     -7    -72    -82    -92    -37
  27    -47    -55    -66      .     21     82     94    -35    -63    -81      .     19
  28    -49    -85    -92      .     51     88     82    -55    -57    -97      .      .
  29    -31      .   -110      .     82     83     61    -63    -51   -102      .      .
  30    -44      .   -113      .     94     85      .    -63    -25    -80      .      .
  31    -78      .    -81      .     93      .      .    -54      .      .      .      .