1962                    CORONAL INDEX OF SOLAR ACTIVITY                    1962
Slovak Academy       Fill-Disk Fe Emission (530.3 nm)         Units=10**16 W/sr
===============================================================================
Day    Jan   Feb   Mar    Apr   May   Jun    Jul   Aug   Sep    Oct   Nov   Dec
-------------------------------------------------------------------------------
 1    4.79  3.91  4.55   4.32  3.65  4.35   3.38  3.26  3.23   3.43  4.36  3.49
 2    4.52  3.61  4.40   4.21  4.48  4.49   3.74  3.44  3.45   3.80  5.52  3.44
 3    4.60  3.31  4.46   3.72  4.08  4.23   3.46  3.36  3.54   3.75  5.31  3.74
 4    3.70  3.09  3.74   4.05  3.81  4.67   3.70  3.13  3.73   3.81  5.11  3.60
 5    4.10  2.97  3.26   4.62  3.73  3.35   4.00  2.96  3.96   3.97  4.97  3.58

 6    3.74  2.84  2.98   3.56  3.88  4.15   4.22  2.84  4.06   4.08  4.99  3.53
 7    3.21  2.70  2.81   3.77  4.23  3.59   4.26  2.98  4.31   4.01  5.06  3.96
 8    2.97  2.48  2.59   3.88  4.67  3.76   4.32  2.97  4.39   4.13  4.99  3.60
 9    3.26  2.42  2.66   3.95  4.48  3.95   4.12  3.07  4.67   4.05  4.68  3.56
10    2.93  2.65  2.60   4.25  4.83  3.85   3.75  3.37  4.21   4.32  3.98  3.36

11    3.03  2.89  2.91   4.43  5.05  3.61   3.78  3.34  4.02   4.23  4.08  3.27
12    3.23  3.12  3.02   3.82  5.26  4.46   4.37  3.46  4.27   4.25  3.74  3.14
13    3.29  3.51  2.94   4.22  5.40  4.08   4.30  3.37  3.78   3.81  3.68  3.19
14    3.45  4.06  2.83   4.55  5.38  4.67   4.52  3.50  3.60   3.96  3.45  2.89
15    3.78  4.37  3.01   4.81  5.29  5.11   4.71  3.40  3.37   3.74  3.50  2.94

16    3.90  4.61  3.37   5.29  5.01  5.30   4.17  3.59  3.06   4.12  3.41  3.08
17    3.91  4.76  3.54   5.06  5.47  5.86   4.15  3.21  2.99   3.56  3.70  2.78
18    3.96  5.16  3.33   4.80  5.32  5.96   4.31  3.61  3.47   4.12  3.63  2.98
19    4.04  5.29  3.62   5.08  5.59  5.56   3.54  3.34  3.33   4.06  3.58  2.93
20    3.94  5.03  4.47   5.12  5.81  5.54   3.62  3.30  3.25   4.28  3.74  3.07

21    4.32  4.61  4.43   5.26  6.25  4.93   4.08  3.32  3.46   3.95  3.81  2.94
22    4.22  4.20  4.89   5.40  6.11  4.19   3.69  3.27  3.98   3.86  3.71  2.94
23    4.35  4.17  4.80   4.92  6.71  4.42   3.57  3.35  4.20   3.60  3.82  2.80
24    4.33  4.54  5.94   4.97  5.49  4.77   3.63  3.37  4.29   4.02  3.87  3.04
25    4.40  4.56  5.75   4.94  5.07  4.08   3.60  3.03  3.67   3.82  3.72  2.67

26    4.38  4.37  6.09   5.14  4.68  4.12   3.91  2.96  3.73   3.42  4.08  2.76
27    4.44  4.35  5.90   4.84  4.59  3.72   3.76  2.84  4.17   3.64  3.47  2.49
28    4.54  4.45  5.77   4.35  4.07  3.77   3.41  2.75  4.03   3.72  3.53  2.76
29    4.42  0.00  5.27   4.06  4.29  4.13   2.76  3.01  3.86   3.86  3.90  2.55
30    4.26  0.00  5.85   3.81  4.01  3.88   2.96  3.60  3.57   4.02  3.71  2.55

31    4.05  0.00  4.65   0.00  4.27  0.00   2.91  3.06  0.00   4.17  0.00  2.51
-------------------------------------------------------------------------------
Mean  3.94  3.86  4.08   4.51  4.87  4.42   3.83  3.23  3.79   3.92  4.10  3.10
-------------------------------------------------------------------------------
                                                        1962 Yearly Mean = 3.97
