1999                    CORONAL INDEX OF SOLAR ACTIVITY                    1999
Slovak Academy       Fill-Disk Fe Emission (530.3 nm)         Units=10**16 W/sr
===============================================================================
Day    Jan   Feb   Mar    Apr   May   Jun    Jul   Aug   Sep    Oct   Nov   Dec
-------------------------------------------------------------------------------
 1    9.59  7.77  9.14   8.71 10.06  8.98   9.30  8.02 11.15   8.06  8.40  8.28
 2    9.48  7.42  9.01   7.99  9.94  9.60   8.61  8.08 10.79   7.70  8.42  8.14
 3    9.94  7.21  8.71   7.28  9.91 10.19   8.34  8.19 10.50   7.58  8.38  8.08
 4    9.85  7.08  8.29   8.81 10.13  9.48   8.42  8.08  8.47   7.53  8.37  8.10
 5    9.18  7.01  7.97   9.34 10.28 10.56   8.69  7.84  9.00   7.50  8.24  8.36

 6    9.02  7.00  8.19   9.26 10.31 10.03   8.45  7.30  8.73   7.55  8.18  8.72
 7    9.17  7.15  8.59   9.23 10.39  9.79   8.22  6.89  8.92   7.41  7.93  9.26
 8    8.37  7.20  8.98   9.34  9.56  9.67   8.19  7.61  8.97   6.99  8.06  9.85
 9    8.79  7.69  9.27   9.69  9.18 10.43   7.62  7.76 10.12   6.73  8.07 10.34
10    8.51  7.96  9.57  10.81  9.52 10.15   7.88  8.90  9.98   6.59  8.01 10.76

11    8.40  8.38  9.32  10.96  9.14  9.85   7.98  9.32 10.15   6.45  7.97 11.35
12    8.27  8.73  9.34  11.04 10.04  7.92   8.15  9.75 10.01   6.37  7.97 11.81
13    8.45  9.49  9.65  10.93  8.95  7.61   8.27  8.92 10.07   6.34  8.00 12.30
14    8.40  9.83  9.72  10.95  9.45  7.29   8.24  9.86 10.05   6.34  7.98 12.75
15    9.19 10.47 10.02  10.88  8.43  8.71   8.06 10.48 10.05   6.34  8.04 12.69

16    9.05 10.79 10.32  11.10  8.89  7.82   8.24 10.36  9.44   6.32  8.26 12.69
17    8.96 10.91  9.35  10.17  8.53  7.23   8.82  9.98  8.90   6.30  8.71 12.71
18    8.83 10.93  9.74   9.69  8.74  6.49   9.92  9.48  8.43   6.45  9.06 12.51
19    8.56 10.98 10.43   9.29  7.74  6.16   9.11  9.57  8.22   6.63  9.33 12.27
20    8.89 10.67 10.03   9.56  7.76  5.91   8.79  8.62  7.93   6.78  9.49 11.75

21    9.29 10.39  9.85   8.34  6.80  5.82   9.63  9.28  7.65   6.85  9.55 11.17
22    9.03  9.77  9.53   8.77  7.85  7.28  10.66 10.09  7.31   6.98  9.53 10.68
23    9.67  9.54  8.93   8.31  7.83  7.13  11.93 10.54  7.02   7.19  9.48 10.21
24    9.78  9.59  8.88   8.41  7.76  7.21  12.14  9.65  6.96   7.39  9.24  9.57
25    9.76  9.59  8.69   8.66  8.69  7.38  10.83  9.97  7.11   7.54  9.04  8.71

26    9.84  9.45  8.67   8.89  8.64  7.48  10.77 10.39  7.06   7.62  8.77  7.74
27    9.72  9.05  8.53   8.73  8.92  7.43  10.78 11.80  7.02   7.95  8.46  7.74
28    9.33  8.68  8.21   9.10  9.47  8.38  11.21 12.89  7.00   8.23  8.13  7.66
29    9.18  0.00  8.42   9.47  9.04  8.75  11.39 10.94  6.93   8.52  8.16  7.53
30    8.67  0.00  8.68   9.65  9.59  9.19  11.29 11.40  7.48   8.53  8.17  7.37

31    8.21  0.00  8.63   0.00  9.39  0.00   8.71 10.50  0.00   8.54  0.00  6.40
-------------------------------------------------------------------------------
Mean  9.08  8.95  9.12   9.45  9.06  8.33   9.31  9.43  8.71   7.20  8.51  9.92
-------------------------------------------------------------------------------
                                                        1999 Yearly Mean = 8.93
