1973                    CORONAL INDEX OF SOLAR ACTIVITY                    1973
Slovak Academy       Fill-Disk Fe Emission (530.3 nm)         Units=10**16 W/sr
===============================================================================
Day    Jan   Feb   Mar    Apr   May   Jun    Jul   Aug   Sep    Oct   Nov   Dec
-------------------------------------------------------------------------------
 1    5.38  5.69  4.97   4.29  5.54  4.59   4.33  5.04  6.05   5.01  6.21  3.79
 2    5.24  5.32  5.19   4.53  5.44  4.10   4.39  5.07  5.70   4.87  5.17  3.70
 3    5.18  4.98  5.21   4.83  5.43  3.80   4.51  5.27  6.04   4.68  5.26  3.50
 4    5.29  4.65  5.22   4.98  5.80  3.94   4.61  5.36  5.70   4.49  5.33  3.25
 5    5.56  5.58  5.29   4.91  5.38  3.61   4.78  5.24  5.66   4.26  4.69  3.22

 6    5.33  5.92  5.27   4.95  5.06  3.38   4.94  4.69  5.90   3.96  4.51  3.19
 7    6.35  5.88  5.18   5.24  4.87  3.26   5.10  4.70  6.03   4.06  4.12  3.17
 8    5.33  5.80  5.39   5.23  4.68  3.26   5.16  4.94  6.18   4.01  3.30  3.27
 9    5.44  5.77  5.04   5.19  4.55  3.42   5.29  4.87  5.66   3.86  3.46  3.36
10    5.74  5.80  5.08   5.12  4.75  4.47   5.29  4.60  5.35   3.81  3.17  3.42

11    6.14  5.86  5.06   5.01  4.70  3.67   5.24  4.08  5.11   3.79  3.07  3.70
12    5.71  5.31  4.84   5.30  4.81  3.50   5.33  4.13  5.51   3.64  3.04  3.64
13    6.03  4.98  4.78   5.52  5.12  3.71   5.36  4.26  5.81   3.66  2.94  3.59
14    5.52  4.46  4.80   5.42  4.95  4.20   5.22  4.25  5.57   3.86  3.32  3.53
15    5.75  4.33  4.54   5.32  4.80  4.75   5.60  4.24  5.33   3.90  3.10  3.48

16    5.60  4.22  4.36   5.26  4.96  5.23   5.60  4.28  4.77   4.31  3.06  3.42
17    5.32  3.99  4.21   5.17  4.81  5.26   5.59  4.47  5.00   4.29  3.11  3.40
18    5.65  3.78  3.95   5.15  4.77  5.44   6.00  4.72  5.42   4.13  3.42  3.39
19    5.95  3.87  3.96   5.04  4.87  5.69   5.84  4.89  5.61   4.25  3.67  3.42
20    6.43  3.85  3.96   4.93  4.83  5.84   5.58  5.14  5.85   4.21  4.25  3.45

21    6.06  4.02  3.80   4.88  4.83  5.82   5.75  5.24  6.10   4.17  4.20  3.56
22    5.54  4.13  3.53   4.91  5.51  5.56   5.65  5.29  6.10   4.24  4.43  4.01
23    5.55  4.23  3.99   4.86  4.93  5.30   5.65  5.53  6.30   4.15  4.48  4.22
24    5.91  4.35  3.88   4.85  5.06  4.87   5.47  5.56  6.50   4.33  4.65  4.30
25    5.63  4.52  3.95   4.82  5.08  4.69   5.32  5.47  6.46   4.82  4.62  4.38

26    6.18  4.64  3.79   4.92  5.12  4.55   5.29  5.83  6.52   4.97  4.52  4.41
27    5.70  4.75  3.57   4.95  5.25  4.52   5.19  5.52  6.35   4.92  4.32  4.35
28    5.44  4.86  3.93   5.39  5.28  4.48   5.13  5.38  6.31   5.08  4.13  4.74
29    5.06  0.00  4.31   5.52  5.05  4.48   5.22  5.72  6.09   5.29  3.90  4.25
30    5.50  0.00  4.28   5.58  5.00  4.28   5.32  5.64  5.55   5.36  3.85  3.71

31    5.65  0.00  4.25   0.00  4.84  0.00   5.14  5.71  0.00   5.81  0.00  3.52
-------------------------------------------------------------------------------
Mean  5.65  4.84  4.50   5.07  5.03  4.46   5.25  5.00  5.82   4.39  4.04  3.69
-------------------------------------------------------------------------------
                                                        1973 Yearly Mean = 4.81
