1941                    CORONAL INDEX OF SOLAR ACTIVITY                    1941
Lomnicky Peak Sta     Full-Disk Fe XIV Emission (530.3 nm)    Units=10**16 W/sr
===============================================================================
Day   Jan   Feb   Mar    Apr   May   Jun    Jul   Aug   Sep    Oct   Nov   Dec
-------------------------------------------------------------------------------
 1    9.34 11.90  9.12   8.25  8.95  8.76   8.60  8.45 10.78  10.07  9.35  9.19
 2    9.59 11.68  9.07   7.80  8.95  8.76   8.59  9.10 10.60   9.83  9.34  9.19
 3    9.79 11.36  9.03   7.50  8.94  8.75   8.59  9.25 10.42   9.66  9.34  9.18
 4   10.05 11.00  8.98   7.18  8.93  8.75   8.58  9.46  9.85   9.60  9.33  9.18
 5   10.04 10.56  8.93   6.95  8.92  8.74   8.57  9.58  9.47   9.48  9.33  9.18

 6   10.17 10.07  8.89   6.70  8.92  8.73   8.57  9.64  9.05   9.48  9.32  9.17
 7   10.18  9.75  8.85   6.64  8.91  8.73   8.56  9.56  8.70   9.48  9.32  9.17
 8   11.03  9.45  8.80   6.75  8.91  8.72   8.55  9.53  8.43   9.47  9.31  9.16
 9   10.94  9.32  8.76   6.76  8.90  8.71   8.55  9.48  8.24   9.46  9.30  9.14
10   10.76  9.30  8.71   6.68  8.89  8.70   8.54  9.18  8.18   9.46  9.30  9.14

11   10.07  9.32  8.67   6.62  8.89  8.70   8.53  9.08  8.10   9.46  9.30  9.14
12   10.22  9.40  8.64   6.60  8.88  8.70   8.53  9.01  8.23   9.45  9.29  9.13
13    9.79  9.55  8.59   7.05  8.87  8.70   8.53  8.93  8.35   9.45  9.28  9.12
14   10.28  9.69  8.73   7.54  8.87  8.69   8.51  8.87  8.54   9.45  9.28  9.12
15   10.36  9.74  8.78   8.01  8.87  8.69   8.51  9.58  8.59   9.44  9.28  9.11

16   10.44  9.70  8.85   8.50  8.86  8.68   8.50  9.27  8.80   9.44  9.28  9.11
17   10.50  9.66  8.92   9.05  8.85  8.68   8.50  9.45  8.96   9.43  9.27  9.11
18   10.74  9.61  8.99   9.68  8.85  8.68   8.49  9.36  9.94   9.42  9.26  9.10
19   10.90  9.57  9.05  10.34  8.84  8.68   8.46  9.44 10.16   9.42  9.26  9.10
20   11.30  9.53  9.46  10.81  8.83  8.66   8.40  9.49 10.39   9.42  9.26  9.09

21   11.30  9.48  9.90  11.09  8.83  8.66   8.33 10.03 10.35   9.41  9.25  9.09
22   11.34  9.44 10.04  10.89  8.83  8.65   8.24 10.11 10.60   9.40  9.24  9.09
23   11.41  9.39 10.07  10.53  8.82  8.65   8.12 10.23 10.76   9.40  9.23  9.01
24   11.56  9.35 10.15  10.27  8.82  8.64   7.98 10.34 11.16   9.40  9.23  8.95
25   11.69  9.30 10.24   9.94  8.81  8.64   7.76 10.66 10.88   9.39  9.22  8.90

26   11.81  9.26 10.37   9.64  8.80  8.63   7.76 10.60 10.72   9.38  9.22  8.82
27   11.89  9.21 10.32   9.37  8.79  8.62   7.92 11.14 10.52   9.37  9.21  8.74
28   11.95  9.16  9.82   9.11  8.79  8.62   7.89 11.03 10.56   9.37  9.21  8.68
29   12.00        9.27   8.95  8.78  8.61   7.91 10.88 10.30   9.36  9.20  8.68
30   12.02        8.98   8.95  8.77  8.61   7.96 11.03 10.28   9.36  9.19  8.74

31   11.99        8.65         8.77         8.00 11.00         9.35        8.80
-------------------------------------------------------------------------------
Mean 10.82  9.81  9.21   8.47  8.86  8.68   8.34  9.77  9.66   9.47  9.27  9.04
-------------------------------------------------------------------------------
                                                       1941 Yearly Mean =  9.28
