1971                    CORONAL INDEX OF SOLAR ACTIVITY                    1971
Slovak Academy       Fill-Disk Fe Emission (530.3 nm)         Units=10**16 W/sr
===============================================================================
Day    Jan   Feb   Mar    Apr   May   Jun    Jul   Aug   Sep    Oct   Nov   Dec
-------------------------------------------------------------------------------
 1    9.70 12.40  9.03  10.97  6.66  7.46  10.94  7.57  9.08   7.39  5.93  6.72
 2    9.90 13.03  8.89  11.38  6.72  7.14  11.37  8.23  8.81   6.99  6.87  6.73
 3    9.56 13.62  8.71  11.65  6.70  7.08  11.91  7.88  8.62   6.55  6.75  6.78
 4    9.75 14.02  8.53  11.92  6.64  6.98  11.83  8.20  8.35   6.27  6.61  6.49
 5    9.62 14.04  8.27  11.50  6.66  6.85  12.55  8.27  8.12   6.77  6.49  6.12

 6    9.05 13.85  7.91  10.58  6.84  6.66  12.67  8.32  7.96   6.93  6.43  5.71
 7    8.73 13.79  7.56  10.11  7.26  6.46  12.93  8.42  7.96   7.01  6.96  5.52
 8    8.49 13.66  7.16   9.69  7.71  6.20  11.95  9.56  8.17   7.08  7.02  5.15
 9    8.37 14.00  6.79   9.33  7.87  6.01  11.83  9.76  8.33   7.08  7.09  4.95
10    8.77 13.76  7.41   8.91  7.97  5.85  11.08 10.15  8.69   7.28  7.23  4.94

11    8.06 13.73  8.51   9.13  8.02  5.77  10.76  9.15  9.12   8.04  7.68  4.94
12    8.38 12.93  8.36   8.64  8.34  5.73  10.22  9.86  9.69   6.95  7.85  4.98
13    8.65 13.50  8.89   8.62  8.87  5.76   9.73  9.48 10.37   7.11  7.78  5.77
14    8.79 13.16  9.32   8.85  8.56  5.83   9.27  9.34 10.80   6.82  7.41  5.48
15    8.07 12.74  9.74   9.00  8.00  5.77   9.41  8.55 11.23   6.45  7.03  5.91

16    7.53 12.04 10.94   9.35  7.75  5.76   9.74  8.35 11.94   7.18  6.72  6.53
17    6.85 11.29 12.01   9.75  7.54  5.79  10.04  8.82 12.92   7.02  6.46  7.08
18    6.81 10.35 11.83   9.65  7.46  6.00  10.17  9.15 13.31   6.06  6.14  7.31
19    6.13 10.30 12.64   9.77  7.26  6.01  10.11  8.27 13.46   6.58  5.81  7.61
20    5.57  9.59 12.71   9.80  6.90  6.11  10.08  8.21 13.28   6.58  6.04  7.53

21    5.09  9.00 11.48   9.55  6.69  6.16  10.69  8.32 13.10   6.68  6.43  7.23
22    5.30  9.07 12.15   9.28  6.56  6.15  10.30  8.63 13.45   6.90  6.64  7.23
23    5.61  9.24 12.85   8.93  6.51  6.72   9.76  8.79 13.80   6.59  6.78  7.96
24    6.19  9.21 11.36   8.44  6.53  7.09   9.53  8.39 12.32   6.19  6.87  6.99
25    6.90  9.09 11.52   7.75  6.62  7.37   9.22  8.68 11.63   6.18  6.84  7.08

26    7.77  8.94 10.79   7.09  6.89  8.32   8.47  8.27 10.98   5.86  6.83  6.94
27    8.61  8.86 10.09   6.71  7.06  9.46   9.63  8.83 10.32   5.93  6.90  7.07
28    9.60  9.02 10.89   6.67  7.20  8.98   8.36  9.35  9.58   5.77  6.77  7.23
29   10.18  0.00 11.33   6.64  7.34 10.77   7.77  9.63  8.73   5.61  6.73  7.24
30   10.91  0.00 10.77   6.64  7.41 10.92   8.18  9.64  7.94   5.56  6.73  7.10

31   11.69  0.00 10.94   0.00  7.45  0.00   7.79  9.51  0.00   5.63  0.00  7.44
-------------------------------------------------------------------------------
Mean  8.21 11.72  9.98   9.21  7.29  6.91  10.27  8.83 10.40   6.61  6.79  6.51
-------------------------------------------------------------------------------
                                                        1971 Yearly Mean = 8.54
