1993                    CORONAL INDEX OF SOLAR ACTIVITY                    1993
Slovak Academy       Fill-Disk Fe Emission (530.3 nm)         Units=10**16 W/sr
===============================================================================
Day    Jan   Feb   Mar    Apr   May   Jun    Jul   Aug   Sep    Oct   Nov   Dec
-------------------------------------------------------------------------------
 1    9.38  8.57  8.44   9.16  8.80  8.54   9.12  7.00  4.23   3.46  5.40  5.80
 2    9.66  8.04  8.66   9.08  9.29  8.28   9.08  6.84  3.96   4.03  5.16  5.62
 3    9.83  8.06  8.68   8.68  9.44  8.47   8.04  6.88  3.73   4.02  5.28  5.66
 4    8.62  7.69  8.73   8.68  8.50  8.26   9.12  6.42  3.43   4.15  5.89  5.49
 5    8.82  7.80  8.62   8.69  8.36  8.82   7.29  6.37  3.72   3.76  6.71  5.49

 6    8.89  8.03  8.74   8.33  7.95  8.89   7.78  5.70  3.53   3.50  5.36  5.55
 7    8.85  7.92  8.86   7.62  7.80  8.73   7.40  4.75  3.77   4.18  5.39  5.66
 8    8.96  8.05  9.15   7.59  8.33  8.57   7.04  4.08  4.11   4.37  5.34  5.11
 9    8.60  8.89  8.90   7.41  7.97  8.56   6.63  3.95  4.01   4.34  5.22  5.32
10    8.32  9.69  8.92   7.45  7.68  8.21   6.06  4.60  4.40   4.71  5.66  5.17

11    8.72  8.98  8.74   7.54  7.55  8.43   5.72  4.22  4.72   4.20  5.63  5.16
12    9.51  8.92  9.03   7.33  7.19  8.18   6.02  4.76  4.94   4.70  5.28  4.89
13    9.54  9.06  9.06   7.12  7.18  7.31   6.61  5.03  4.93   4.86  5.04  4.43
14    9.83  9.35  9.54   6.98  7.59  7.30   6.88  5.14  4.47   4.76  5.40  4.24
15    9.34 10.45  8.45   6.64  7.27  6.98   7.09  5.29  4.33   4.68  5.41  3.99

16    9.19  9.52  8.76   6.94  7.57  7.13   7.39  7.08  4.42   5.07  5.31  3.72
17    9.79  7.98  8.19   7.07  7.30  7.38   7.87  5.98  4.23   4.97  5.24  3.73
18    9.60  7.69  8.92   7.48  6.67  7.84   8.27  6.14  4.21   5.00  5.26  3.66
19    7.98  7.44  8.25   7.82  7.12  7.87   9.06  6.04  3.88   4.93  4.90  3.21
20    8.07  7.30  7.97   7.93  6.46  8.05   8.86  5.87  3.72   4.98  6.03  3.50

21    7.35  7.36  7.57   8.20  7.16  8.30   9.09  5.77  3.88   5.05  5.45  3.74
22    7.66  6.51  8.47   8.28  7.57  8.34   9.44  6.15  4.53   5.32  4.99  3.95
23    7.71  6.96  8.53   8.62  8.28  8.41   9.46  5.62  3.93   5.62  4.61  4.19
24    7.77  7.05  8.70   8.81  7.87  9.00   9.02  5.44  4.49   5.74  4.80  4.39
25    7.99  7.09  8.82   8.67  7.23  8.94   9.04  5.29  4.16   5.47  5.28  4.55

26    8.66  7.27  8.83   8.85  7.59  9.34   8.65  5.12  4.58   5.55  5.28  5.03
27    9.22  7.53  9.92   9.49  8.02  9.03   8.08  4.86  4.69   5.40  5.10  5.58
28    9.90  7.87  9.55   8.60  8.15  9.18   7.46  5.26  4.85   4.94  4.97  6.00
29    8.78  0.00  9.68   9.40  8.17  8.62   7.23  5.16  3.96   5.51  4.90  6.36
30    9.19  0.00  9.79   8.53  8.07  9.23   6.47  5.17  3.84   6.30  5.25  6.59

31    8.66  0.00 10.53   0.00  8.18  0.00   7.37  4.68  0.00   5.13  0.00  6.74
-------------------------------------------------------------------------------
Mean  8.85  8.11  8.87   8.10  7.82  8.34   7.83  5.51  4.19   4.80  5.32  4.92
-------------------------------------------------------------------------------
                                                        1993 Yearly Mean = 6.88
