1997                    CORONAL INDEX OF SOLAR ACTIVITY                   1997
Slovak Academy       Full-Disk Fe XIV Emission (530.3 nm)     Units=10**16 W/sr
===============================================================================
Day   Jan   Feb   Mar    Apr   May   Jun    Jul   Aug   Sep    Oct   Nov   Dec
-------------------------------------------------------------------------------
 1    3.54  2.29  2.44   3.02  2.72  3.83   3.52  3.05  4.76   6.33  5.87  7.39
 2    3.29  2.40  2.42   3.47  2.72  3.80   3.32  2.94  4.77   6.35  5.41  7.46
 3    3.18  2.28  2.56   3.73  2.63  3.88   3.13  3.14  4.79   6.47  6.10  7.61
 4    3.11  2.18  2.99   3.92  2.69  3.91   2.97  2.98  5.09   6.43  6.02  7.83
 5    3.32  2.29  2.92   4.03  2.68  3.79   3.41  2.95  5.21   6.10  5.94  7.99

 6    3.75  2.58  3.49   4.08  2.70  3.62   3.20  2.81  5.19   6.52  5.83  7.64
 7    3.52  2.68  3.49   4.01  2.50  3.50   3.14  2.61  4.96   5.16  5.56  7.78
 8    3.80  2.77  3.30   3.81  2.37  3.36   3.00  2.46  4.79   5.18  5.28  7.79
 9    3.91  3.05  3.35   3.85  2.36  3.57   2.91  3.14  4.71   5.29  5.16  7.66
10    4.54  2.88  3.40   3.67  2.28  3.55   2.71  2.77  4.62   5.46  4.70  7.61

11    4.58  2.93  2.97   3.44  2.14  3.04   2.60  3.01  4.80   5.36  4.33  7.02
12    5.01  2.91  2.99   3.21  2.21  2.54   2.43  2.99  5.05   5.30  4.39  6.66
13    4.42  2.85  2.97   2.97  2.28  2.64   2.45  3.03  5.15   5.16  4.47  6.41
14    4.18  2.75  2.51   2.70  2.40  2.60   2.53  3.13  5.25   5.26  4.62  6.20
15    3.81  2.86  2.81   2.75  2.31  2.63   2.66  3.26  5.41   5.53  4.81  6.01

16    4.07  2.89  2.72   2.52  2.11  2.53   2.62  3.10  4.97   5.82  5.10  5.88
17    3.36  2.29  2.64   2.23  2.05  2.71   2.64  2.97  5.34   5.93  5.29  5.55
18    3.62  2.13  2.56   2.06  2.19  2.87   2.69  2.99  5.34   5.90  5.56  5.68
19    2.79  2.04  2.32   1.90  2.42  3.28   2.74  3.08  5.30   5.32  6.08  5.84
20    2.52  1.95  1.98   1.82  2.61  3.84   2.76  3.33  5.52   5.53  6.50  5.87

21    2.23  1.89  1.90   1.85  2.69  4.18   2.77  3.43  5.91   5.47  6.91  5.93
22    2.04  2.11  1.75   1.97  2.96  4.30   2.44  3.27  5.42   5.69  7.29  5.99
23    1.94  2.40  1.78   2.10  3.17  4.58   2.44  3.69  5.29   5.81  7.60  6.19
24    1.76  2.08  1.83   2.28  3.36  4.53   2.46  4.00  5.39   4.80  7.81  6.36
25    1.67  2.15  1.98   2.18  3.50  4.61   2.49  4.17  5.22   4.14  8.18  6.34

26    2.12  2.11  2.14   2.14  3.62  4.69   2.51  4.43  5.13   4.52  8.09  6.37
27    2.01  2.16  2.17   2.06  3.76  4.14   2.60  4.20  5.25   4.54  7.98  6.43
28    1.87  2.32  2.27   2.28  3.80  3.60   2.67  3.90  5.03   4.92  7.85  6.34
29    1.73        2.40   2.51  3.83  3.63   2.83  4.10  4.95   5.17  7.81  6.16
30    1.56        2.52   2.73  3.85  3.53   2.97  4.26  6.42   5.25  7.42  5.87

31    2.03        2.83         3.85         3.06  4.50         5.66        5.48
-------------------------------------------------------------------------------
Mean  3.07  2.44  2.59   2.84  2.80  3.58   2.80  3.35  5.17   5.50  6.13  6.62
-------------------------------------------------------------------------------
                                                        1997 Yearly Mean =  3.91
