1976                    CORONAL INDEX OF SOLAR ACTIVITY                    1976
Lomnicky Peak Sta     Full-Disk Fe XIV Emission (530.3 nm)    Units=10**16 W/sr
===============================================================================
Day   Jan   Feb   Mar    Apr   May   Jun    Jul   Aug   Sep    Oct   Nov   Dec
-------------------------------------------------------------------------------
 1    2.15  1.87  1.85   1.57  1.41  1.62   1.42  1.48  3.08   2.12  2.13  2.01
 2    2.08  1.68  1.84   1.36  1.41  1.52   1.42  1.57  3.35   2.51  2.05  2.15
 3    2.01  1.55  1.86   1.38  1.48  1.61   1.40  1.68  3.46   3.11  2.43  2.26
 4    1.94  1.69  1.94   1.71  1.68  1.83   1.47  1.84  3.62   2.87  2.85  2.40
 5    1.93  1.53  1.93   1.70  2.02  1.39   1.60  2.07  3.82   3.11  2.47  2.52

 6    1.97  1.67  1.71   1.76  1.99  1.48   1.45  1.32  3.73   2.89  2.24  2.68
 7    2.09  1.62  1.74   1.83  1.99  1.55   1.46  2.50  3.67   3.08  2.33  2.92
 8    2.03  1.26  1.89   1.96  2.00  1.68   1.63  2.65  3.58   3.21  2.44  3.15
 9    1.92  1.48  1.83   2.13  1.87  1.97   1.74  2.75  3.52   3.26  2.60  3.06
10    1.93  1.73  1.85   2.33  2.30  2.01   1.85  2.82  3.51   2.18  2.68  3.00 

11    2.03  1.35  1.89   2.48  2.41  1.96   1.92  2.83  3.53   2.25  2.59  2.91
12    2.15  1.54  1.70   2.65  2.35  2.20   2.01  2.88  3.13   2.22  2.64  2.86
13    2.29  1.55  1.97   2.81  2.35  2.37   1.99  2.67  3.07   2.29  3.48  2.75
14    2.44  1.58  2.03   2.99  2.43  2.54   2.01  2.50  3.12   2.17  3.41  2.65
15    2.61  1.76  2.05   3.02  2.46  2.49   1.96  2.33  3.32   2.04  3.50  2.48

16    2.86  1.64  2.03   3.03  2.64  2.47   1.93  2.20  3.31   1.94  3.59  2.35
17    3.02  1.15  2.04   3.01  2.72  2.49   1.89  2.10  3.26   1.95  3.64  2.24
18    3.06  1.23  2.07   2.95  2.56  2.64   1.85  2.26  3.05   1.90  3.71  2.18
19    3.27  1.14  2.06   2.86  2.67  2.50   1.80  2.19  3.03   1.85  3.82  2.14
20    3.11  1.17  2.02   2.74  2.68  2.40   1.76  2.13  2.92   1.78  3.62  2.15

21    3.14  1.15  2.00   2.58  2.62  2.29   1.74  2.07  2.75   1.75  3.52  2.14
22    3.02  0.96  1.96   2.46  2.53  2.29   1.66  2.08  2.46   2.09  3.31  2.23
23    2.78  0.80  1.95   2.26  2.40  2.33   1.60  2.07  2.24   2.04  3.11  2.43
24    2.70  0.99  1.99   2.02  2.21  2.23   1.52  2.10  2.04   2.09  2.89  2.48
25    2.91  1.27  2.07   1.83  2.24  2.03   1.45  2.00  1.86   2.05  2.69  2.47

26    2.23  1.35  2.01   1.69  2.15  1.90   1.39  2.01  1.72   1.97  2.52  2.34
27    2.40  1.49  1.87   1.62  2.00  1.80   1.37  2.13  1.66   1.88  2.37  2.22
28    2.22  1.48  1.78   1.60  1.93  1.78   1.38  2.28  1.63   2.04  2.21  2.17
29    2.20  1.45  1.86   1.46  1.84  1.94   1.36  2.46  1.81   2.31  2.07  2.16
30    2.14        1.88   1.36  1.67  1.76   1.40  2.66  1.89   2.45  1.97  2.12

31    2.08        1.88         1.77         1.41  2.82         2.28        2.11
-------------------------------------------------------------------------------
Mean  2.41  1.56  1.92   2.24  2.15  2.09   1.64  2.27  3.00   2.31  2.91  2.44
-------------------------------------------------------------------------------
                                                        1976 Yearly Mean = 2.21
