1987                    CORONAL INDEX OF SOLAR ACTIVITY                    1987
Slovak Academy       Fill-Disk Fe Emission (530.3 nm)         Units=10**16 W/sr
===============================================================================
Day    Jan   Feb   Mar    Apr   May   Jun    Jul   Aug   Sep    Oct   Nov   Dec
-------------------------------------------------------------------------------
 1    2.18  1.77  2.55   2.77  2.99  4.42   3.35  5.34  4.93   5.54  6.82  6.23
 2    2.19  1.92  2.54   3.55  3.99  5.02   4.21  5.06  5.30   5.44  7.60  6.30
 3    2.19  1.93  2.59   3.17  4.48  5.34   3.67  5.15  5.50   5.09  7.55  6.11
 4    2.17  1.82  2.75   3.22  4.68  5.38   3.70  5.10  5.26   4.98  7.80  5.82
 5    2.24  1.79  2.63   3.39  4.88  5.24   3.91  5.07  4.72   5.28  8.04  6.04

 6    2.40  1.94  2.49   3.62  5.11  5.26   3.52  4.99  5.36   5.45  8.35  6.24
 7    2.52  1.98  2.79   3.87  5.21  5.45   3.69  4.89  5.60   6.01  8.04  5.54
 8    2.59  2.18  2.73   4.14  5.33  5.57   4.61  5.07  6.04   6.58  8.44  6.17
 9    2.62  2.05  2.63   4.98  5.23  5.57   4.48  5.30  6.16   6.56  7.44  6.34
10    2.56  2.32  2.75   4.24  4.64  5.75   4.26  5.57  6.32   6.49  7.34  6.53

11    2.68  2.45  2.72   4.51  4.90  5.97   4.34  5.70  6.59   6.72  7.20  6.71
12    2.65  2.60  2.38   4.74  4.77  5.94   4.40  5.78  6.76   6.82  6.98  6.74
13    2.76  2.66  2.82   4.75  4.69  5.89   4.64  6.00  6.81   7.01  6.60  6.56
14    3.18  2.76  2.69   5.04  4.69  5.82   5.01  6.20  6.34   7.12  6.37  6.71
15    3.24  2.83  2.21   5.22  4.87  5.59   5.15  6.15  6.25   6.27  6.13  6.56

16    3.43  2.97  2.73   5.04  4.90  5.49   4.19  6.31  6.51   6.79  6.44  6.52
17    3.47  2.92  2.69   5.05  5.01  5.06   4.78  6.40  6.51   6.64  6.92  6.44
18    3.50  2.85  2.73   4.90  4.82  4.97   4.62  6.35  6.27   6.67  6.83  6.43
19    3.43  2.78  2.92   4.25  4.62  4.85   5.24  6.49  6.09   6.59  6.89  6.37
20    3.47  2.76  2.85   4.38  4.40  4.71   5.90  6.44  5.95   6.32  6.77  6.60

21    3.07  2.72  2.63   3.93  4.33  4.66   5.65  5.88  5.93   7.22  7.13  6.65
22    2.88  2.60  2.85   3.55  4.50  4.88   5.96  5.94  5.79   7.03  7.30  6.75
23    2.67  2.58  2.85   3.10  4.69  4.67   6.26  5.71  5.55   5.83  7.34  6.73
24    2.56  2.44  2.67   2.63  4.80  5.38   6.47  5.29  5.27   5.89  7.02  6.80
25    2.51  2.54  3.01   2.40  4.49  4.76   6.43  5.40  5.12   6.03  6.98  6.23

26    2.52  2.58  2.85   2.57  4.33  4.68   6.51  4.97  5.10   6.35  6.71  6.27
27    2.47  2.52  2.88   2.65  4.41  4.53   5.98  4.86  5.29   6.84  6.47  5.80
28    2.38  2.50  3.12   2.77  4.90  4.47   5.90  5.41  5.39   6.81  6.38  6.02
29    2.23  0.00  3.00   2.59  4.94  4.34   5.53  5.27  5.73   6.49  6.48  5.72
30    2.17  0.00  2.84   2.77  4.37  4.40   5.57  4.98  5.68   6.44  6.35  5.65

31    2.05  0.00  2.85   0.00  3.91  0.00   5.45  5.34  0.00   6.61  0.00  5.16
-------------------------------------------------------------------------------
Mean  2.68  2.42  2.73   3.79  4.64  5.14   4.95  5.56  5.80   6.32  7.09  6.28
-------------------------------------------------------------------------------
                                                        1987 Yearly Mean = 4.80
