1948                    CORONAL INDEX OF SOLAR ACTIVITY                    1948
Slovak Academy       Fill-Disk Fe Emission (530.3 nm)         Units=10**16 W/sr
===============================================================================
Day    Jan   Feb   Mar    Apr   May   Jun    Jul   Aug   Sep    Oct   Nov   Dec
-------------------------------------------------------------------------------
 1   12.96 11.38 10.83   8.35 10.82 13.79   9.84  6.95  7.82   8.18  8.52 12.30
 2   12.15 10.90 10.61   9.01 11.01 14.42   9.60  6.59  7.08   8.09  9.27 12.32
 3   12.22 11.01 10.33   8.32 11.19 14.21   9.30  6.54  6.55   8.52  9.78 12.34
 4   11.38 11.41 10.42   8.77 11.44 14.16   8.98  6.57  6.30   9.13 10.22 10.57
 5   10.74 11.76 11.06   9.07 11.36 13.38   8.13  6.76  6.10   9.25 10.82 11.97

 6   13.40 11.56 11.45   9.45 11.37 13.20   7.41  6.51  7.38   9.90 11.04 13.02
 7   12.92 11.41 11.70  10.18 10.99 13.06   7.01  6.29  7.74   9.53 11.15 13.38
 8   11.67 11.31 11.70  10.64 10.66 12.74   6.51  6.38  8.51  10.25 11.45 13.57
 9   14.08 10.59 11.79  10.83 10.46 11.08   6.96  6.52  9.50  11.25 12.12 12.60
10   12.51 11.38 11.72  10.90 10.28 11.02   6.28  6.45 10.16  11.60 12.43 12.59

11   12.27 11.77 11.90  10.41  9.85 10.63   5.68  7.53 11.00  11.32 12.75 13.07
12   12.16 11.38 12.06  10.75  9.43 10.15   5.53  8.01 11.29  12.44 12.66 13.48
13   12.28 10.85 11.31  10.59  9.36  9.61   6.39  8.75 10.98  11.73 12.98 12.18
14   12.55 10.23 10.89  10.40 10.01  9.77   6.62  9.85 10.60  13.09 12.82 11.53
15   12.50  9.55 10.92   9.72 10.61  8.81   7.42  9.66 10.81  12.80 13.09 10.55

16   11.55  9.82 10.71   9.37 10.56  9.58   7.36  9.75 11.27  12.53 13.10 12.04
17   11.33  9.93 10.33   8.84 10.12  9.32   7.47 10.58 11.21  12.23 13.22 12.25
18   11.22  9.27 10.72   8.73 10.00  8.98   7.79 10.74  9.39  12.68 13.23 12.34
19   11.34  8.46 10.73   8.42 10.84  8.99   8.08 10.84  9.12  12.32 14.25 11.21
20   11.86  8.41 10.71   8.27 10.85  9.15   7.72 10.89  9.47  11.88 13.43 11.92

21   12.32  8.68 10.72   7.74 11.26  9.31   7.96 10.23  9.54  10.84 12.47 13.87
22   12.82  9.10 10.30   8.24 10.95  9.52   8.15 10.38 10.62  10.86 13.15 13.54
23   13.10  9.79  9.74   8.63 11.01  9.51   7.69 10.46  9.61  10.79 12.94 13.42
24   13.29  9.86  9.69   9.11 11.53  9.81   7.42 10.28  9.09  11.07 12.98 12.96
25   13.38 10.12  9.16   9.50 12.06 10.01   7.90 10.63  9.18  10.40 13.14 12.78

26   13.43 10.38  8.98   9.81 12.25 10.33   7.01 10.84  9.45   9.21 12.96 12.27
27   13.13 10.51  8.99  10.03 12.68  9.94   7.89 10.34  8.65   8.89 12.98 11.69
28   12.80 10.64  8.48  10.71 12.82 10.07   8.28  9.98  9.27   8.84 12.28 10.96
29   12.46 10.94  8.18  10.22 13.14  9.98   7.54  9.57  8.96   8.94 12.19 10.63
30   12.33  0.00  8.01  10.58 13.30 10.47   7.68  8.48  8.47   9.31 12.31  9.43

31   11.84  0.00  7.57   0.00 13.39  0.00   7.76  8.36  0.00   9.42  0.00  9.87
-------------------------------------------------------------------------------
Mean 12.39 10.41 10.38   9.52 11.15 10.83   7.59  8.76  9.17  10.56 12.19 12.15
-------------------------------------------------------------------------------
                                                        1948 Yearly Mean =10.43
