1962                    CORONAL INDEX OF SOLAR ACTIVITY                    1962
Lomnicky Peak Sta     Full-Disk Fe XIV Emission (530.3 nm)    Units=10**16 W/sr
===============================================================================
Day   Jan   Feb   Mar    Apr   May   Jun    Jul   Aug   Sep    Oct   Nov   Dec
-------------------------------------------------------------------------------
 1    5.74  5.68  6.14   6.29  5.04  4.37   5.91  5.50  4.39   5.22  6.71  4.45
 2    5.38  5.19  6.06   4.82  5.30  4.61   5.89  5.36  4.66   5.20  6.34  4.80
 3    5.17  4.55  5.63   4.58  5.15  4.62   5.80  5.28  4.43   5.33  6.46  4.85
 4    4.80  3.97  5.22   5.20  5.03  4.67   5.71  5.05  4.59   5.18  6.80  5.13
 5    4.25  3.76  4.87   6.02  4.97  4.71   5.61  6.20  4.85   5.20  7.23  5.17

 6    4.20  3.54  4.60   4.73  5.06  4.82   5.57  5.67  5.10   5.46  8.03  5.08
 7    4.02  3.75  4.36   4.65  5.21  4.86   5.53  5.55  5.12   5.28  7.91  5.28
 8    3.87  3.67  4.18   5.00  5.30  4.93   5.72  5.43  6.04   5.06  7.56  5.51
 9    3.99  3.66  4.02   4.99  5.20  4.99   5.39  5.67  5.97   4.84  7.57  5.23
10    3.54  3.75  3.93   5.14  5.35  5.05   5.05  6.03  5.82   4.82  7.67  5.34

11    3.70  4.02  3.85   5.06  5.56  5.10   4.88  6.38  5.85   4.62  7.60  5.15
12    3.81  4.03  3.82   4.39  5.81  5.30   5.02  5.72  5.32   4.55  7.51  5.05
13    4.02  4.01  3.92   4.75  6.12  5.58   5.17  5.84  5.08   3.82  7.19  5.02
14    4.26  3.79  4.07   5.42  6.45  5.91   5.39  5.34  4.67   3.82  7.27  5.13
15    4.57  3.75  4.30   5.75  6.83  6.21   5.35  5.68  3.78   3.75  7.45  5.13

16    3.93  3.78  4.57   5.71  6.77  6.48   5.29  5.50  3.72   4.01  7.28  5.07
17    4.97  3.89  4.86   6.01  7.09  6.59   5.24  5.22  3.70   3.63  6.88  5.13
18    5.12  4.37  5.10   6.23  7.62  6.49   5.01  5.18  3.57   4.23  7.03  5.20
19    5.39  4.79  5.51   6.53  8.27  6.11   4.86  5.14  3.95   4.29  7.19  5.25
20    5.49  4.92  5.75   6.04  9.02  5.74   4.85  4.44  4.24   4.37  7.42  5.26

21    5.70  5.26  5.92   5.80  9.46  5.38   4.72  5.05  4.46   4.41  7.52  5.19
22    5.66  5.40  5.85   5.83  8.30  4.93   4.72  5.12  4.77   4.21  6.48  4.97
23    5.80  5.49  5.97   5.76  8.02  5.10   4.93  4.99  4.86   4.12  5.49  4.79
24    5.90  6.08  6.26   5.51  7.61  5.26   4.44  4.67  4.92   4.17  5.67  4.58
25    5.88  6.32  6.25   5.37  6.98  5.41   4.05  4.64  4.58   4.85  5.70  4.13

26    5.79  6.32  7.10   4.89  6.25  5.67   4.52  4.75  4.55   4.66  5.48  3.74
27    5.80  6.32  6.83   5.52  5.51  5.83   3.91  4.57  4.60   4.64  5.16  3.80
28    5.91  6.31  6.63   5.82  4.39  5.90   4.02  4.64  4.40   4.67  4.94  3.48
29    5.93        6.63   5.12  3.99  6.21   4.29  4.69  4.44   4.83  4.89  3.64
30    6.15        6.88   4.79  3.99  6.11   4.35  4.68  4.63   5.05  4.67  3.86

31    5.81        6.31         4.14         4.80  4.76         7.01        4.01
-------------------------------------------------------------------------------
Mean  4.99  4.66  5.34   5.39  6.12  5.43   5.03  5.25  4.70   4.69  6.70  4.79
-------------------------------------------------------------------------------
                                                       1962 Yearly Mean =  5.26
