1947                    CORONAL INDEX OF SOLAR ACTIVITY                    1947
Slovak Academy       Fill-Disk Fe Emission (530.3 nm)         Units=10**16 W/sr
===============================================================================
Day    Jan   Feb   Mar    Apr   May   Jun    Jul   Aug   Sep    Oct   Nov   Dec
-------------------------------------------------------------------------------
 1   13.10 14.17 11.73  11.00 12.38 11.60  11.42 11.47 15.99  12.45 16.21 10.51
 2   13.47 15.48 11.79  10.86 11.93 12.73  10.90 11.69 16.02  12.91 14.77 10.64
 3   14.08 15.55 11.74  10.86 11.94 13.34  10.28 11.71 16.23  13.02 14.23 12.04
 4   13.99 16.02 11.79  11.09 11.90 13.41  10.46 12.25 16.71  12.76 14.15 12.84
 5   14.87 16.84 12.82  11.10 11.74 13.62  10.24 12.00 17.79  13.62 14.20 13.15

 6   15.73 17.20 13.92  11.02 11.46 14.15  11.03 12.40 17.69  10.43 12.19 12.82
 7   16.54 16.65 13.93  11.79 11.13 14.56  10.94 12.48 17.70  11.27 13.66 12.47
 8   16.51 17.29 13.80  11.70 11.02 13.94  10.89 12.92 15.23  12.53 12.23 12.10
 9   16.92 15.57 13.57  11.58 11.20 14.09  10.39 12.96 16.62  11.65 10.71 11.68
10   16.01 14.89 14.03  12.63 11.32 15.47  11.46 13.12 16.60  11.48 11.59 11.38

11   17.38 14.58 14.55  12.45 11.44 16.10  10.94 12.49 17.53  14.19 12.54 10.94
12   16.90 15.90 14.78  12.85 11.64 16.61  11.70 13.08 14.91  13.27 10.66 10.51
13   15.99 13.53 16.13  14.00 12.01 16.80  12.31 12.66 14.35  13.11 12.68 10.03
14   15.34 15.65 16.22  13.43 12.48 16.73  11.18 13.94 14.05  14.12 12.85  9.49
15   15.44 14.58 16.44  13.44 12.75 16.26  11.13 12.41 14.11  14.02 13.82  8.90

16   15.30 13.84 16.87  13.76 12.85 17.12  10.66 11.72 13.02  14.39 15.45  8.56
17   14.56 13.97 16.58  12.97 12.48 16.30  10.54 11.53 13.04  13.64 16.42  8.81
18   14.22 13.92 16.72  12.95 13.05 15.62  11.72 11.71 12.04  12.64 16.24  8.99
19   13.73 12.94 17.13  13.32 13.72 14.76  12.54 11.65 11.85  10.57 16.03  9.27
20   13.01 12.69 16.96  13.61 13.95 13.41  10.68 11.48 11.87  13.58 15.39  9.62

21   13.99 12.09 16.45  13.05 12.57 12.88  12.67 10.96 10.91  12.27 15.73 10.04
22   12.54 11.54 15.34  12.65 11.60 12.84  12.20 10.09 10.81  12.33 15.68 10.65
23   12.02 11.30 13.06  12.64 11.95 12.46  12.50 12.12 12.47  12.50 15.40 13.03
24   11.64 10.94 13.01  13.12 13.65 12.06  12.63 12.28 12.13  12.78 14.21 12.81
25   11.43 10.78 12.90  13.42 13.38 11.67  11.92 12.44 12.12  13.39 12.81 13.31

26   11.46 10.97 12.69  13.45 11.85 10.60  12.00 12.32 11.59  15.64 11.22 13.53
27   11.95 11.19 11.90  13.33  9.91 10.76  12.14 12.80 11.72  14.65 12.81 13.64
28   11.57 11.59 10.56  13.34 11.29 10.72  11.59 13.16 11.90  14.98 12.49 14.38
29   12.92  0.00 10.23  13.45 12.53 11.30  11.82 13.72 13.40  15.61 11.81 14.43
30   13.05  0.00 10.70  12.74 13.28 10.77  12.23 14.14 12.60  16.46 10.91 11.88

31   12.92  0.00 10.95   0.00 12.18  0.00  11.02 14.75  0.00  16.12  0.00 13.24
-------------------------------------------------------------------------------
Mean 14.15 13.99 13.85  12.59 12.15 13.76  11.42 12.40 14.10  13.30 13.64 11.47
-------------------------------------------------------------------------------
                                                        1947 Yearly Mean =13.06
