1977                    CORONAL INDEX OF SOLAR ACTIVITY                    1977
Slovak Academy       Fill-Disk Fe Emission (530.3 nm)         Units=10**16 W/sr
===============================================================================
Day    Jan   Feb   Mar    Apr   May   Jun    Jul   Aug   Sep    Oct   Nov   Dec
-------------------------------------------------------------------------------
 1    2.04  4.66  3.78   1.53  1.62  3.01   4.10  2.92  4.16   3.68  4.34  4.68
 2    2.16  4.55  3.78   1.85  1.62  2.95   3.84  2.81  3.55   3.85  4.66  4.82
 3    2.20  4.28  3.64   1.90  1.78  2.80   3.43  2.61  3.32   4.07  4.99  5.10
 4    2.20  3.76  3.60   1.95  1.85  2.69   3.27  2.58  2.95   3.36  4.76  5.10
 5    2.19  3.64  3.60   2.18  1.89  2.88   2.93  2.57  3.00   3.50  4.48  5.48

 6    2.16  3.57  3.66   2.28  1.92  2.84   2.72  2.61  3.52   3.75  4.50  5.44
 7    2.36  3.65  4.00   2.18  2.43  2.84   2.83  2.65  3.91   3.87  4.61  5.92
 8    2.34  3.40  3.79   2.22  2.16  2.87   2.51  2.51  4.25   4.10  5.33  5.87
 9    2.55  3.38  3.38   1.84  2.50  2.95   2.21  2.41  4.35   3.69  5.27  6.07
10    2.33  3.49  3.31   1.90  2.37  3.09   2.65  2.67  4.74   3.88  5.38  6.04

11    2.52  3.42  3.36   1.97  2.46  3.20   2.30  2.98  5.04   3.95  4.78  6.36
12    2.56  3.45  3.35   1.87  2.53  3.24   2.35  3.30  5.82   4.04  4.79  5.83
13    2.59  3.68  3.45   1.79  2.53  3.39   2.26  3.63  5.52   3.77  5.11  5.71
14    2.49  3.85  2.85   1.60  2.27  3.25   2.29  3.45  4.91   3.61  5.35  5.69
15    2.69  4.43  2.67   1.54  2.40  3.21   2.89  3.67  5.18   3.89  4.91  5.21

16    2.17  4.36  2.64   1.59  2.64  3.18   2.93  4.06  5.35   4.71  4.50  5.02
17    2.12  4.05  2.91   1.54  2.67  3.03   2.86  4.35  5.29   4.05  4.20  4.64
18    2.02  4.50  2.66   1.43  2.82  3.25   2.82  4.54  5.00   4.35  4.31  3.94
19    2.04  4.45  2.34   1.39  2.99  3.08   2.98  4.63  5.04   4.07  4.50  4.41
20    2.08  4.17  2.12   1.44  3.05  2.87   3.51  4.57  4.59   3.76  4.75  4.25

21    2.26  4.08  1.93   1.57  3.32  2.71   3.88  4.64  4.57   3.71  4.51  4.29
22    2.08  3.42  1.87   1.68  3.41  2.61   3.78  4.54  4.24   4.26  4.38  4.32
23    2.06  3.68  1.98   1.74  2.74  2.59   3.68  4.45  3.81   3.61  4.46  4.24
24    1.97  3.80  1.98   1.72  2.71  2.71   3.56  4.26  3.40   3.81  4.00  4.78
25    2.02  3.72  1.99   1.66  2.70  2.83   3.54  4.84  3.70   3.85  4.33  4.93

26    2.52  3.70  2.03   1.58  2.57  3.06   3.71  4.90  3.73   4.02  4.25  4.68
27    3.07  3.71  2.01   1.50  2.69  3.28   3.62  4.96  4.02   3.76  3.98  4.56
28    3.20  3.63  2.00   1.46  2.77  3.53   3.45  5.11  4.09   4.86  3.97  4.37
29    3.44  0.00  1.68   1.48  2.78  3.81   3.21  4.85  3.72   4.56  4.06  4.38
30    3.59  0.00  1.77   1.42  2.94  3.97   3.04  4.67  3.24   4.06  3.82  4.61

31    3.73  0.00  1.73   0.00  3.03  0.00   2.93  4.77  0.00   4.22  0.00  4.58
-------------------------------------------------------------------------------
Mean  2.44  3.87  2.77   1.73  2.52  3.06   3.10  3.79  4.27   3.96  4.58  5.01
-------------------------------------------------------------------------------
                                                        1977 Yearly Mean = 3.42
