1986                    CORONAL INDEX OF SOLAR ACTIVITY                    1986
Slovak Academy       Fill-Disk Fe Emission (530.3 nm)         Units=10**16 W/sr
===============================================================================
Day    Jan   Feb   Mar    Apr   May   Jun    Jul   Aug   Sep    Oct   Nov   Dec
-------------------------------------------------------------------------------
 1    2.55  4.79  5.62   4.28  4.20  2.99   2.33  2.65  2.58   2.75  4.76  3.40
 2    3.01  4.92  5.55   4.16  4.12  2.61   2.26  2.63  2.55   2.73  4.78  3.35
 3    3.24  4.96  5.40   4.10  3.82  2.30   2.23  2.66  2.49   2.72  4.08  3.10
 4    3.51  4.83  4.90   4.14  4.01  2.28   2.42  2.71  2.41   2.71  3.49  2.99
 5    3.75  4.67  4.84   4.25  3.48  2.37   2.58  3.17  2.32   2.70  3.33  2.82

 6    4.05  4.69  4.42   4.16  3.55  2.31   2.74  3.10  2.31   2.69  3.23  2.64
 7    4.48  4.57  4.65   3.84  3.01  2.33   2.93  2.73  2.23   2.76  3.15  2.45
 8    4.21  4.31  4.55   3.61  2.84  2.34   3.05  2.82  2.19   2.82  2.94  2.42
 9    4.05  4.23  4.56   3.41  2.78  2.54   3.23  2.85  2.20   2.81  2.75  2.55
10    4.22  4.14  5.01   3.01  2.72  2.83   3.42  2.82  2.17   2.75  2.58  2.79

11    4.33  4.24  5.04   2.70  2.72  2.89   3.37  2.78  2.16   2.64  2.57  2.89
12    4.56  4.26  4.57   2.45  2.84  3.08   3.46  2.65  2.28   2.39  2.79  2.99
13    4.44  3.80  4.01   2.53  2.89  3.44   3.40  2.52  2.30   2.52  2.93  3.17
14    4.25  3.39  3.26   2.67  3.06  3.89   3.35  2.49  2.29   2.22  3.15  3.11
15    4.20  3.06  2.80   3.03  3.28  3.89   3.32  2.37  2.24   2.19  3.41  3.04

16    4.39  2.78  2.42   3.15  3.46  4.15   3.25  2.34  2.17   2.27  3.60  2.90
17    4.11  2.63  2.00   3.03  3.43  4.03   3.13  2.36  2.23   2.32  3.73  3.01
18    3.83  2.59  1.97   2.94  3.77  4.14   3.00  2.26  2.28   2.36  4.16  3.22
19    3.26  2.61  1.97   3.14  3.95  4.12   2.93  2.16  2.36   2.64  3.90  3.51
20    2.77  2.47  2.25   3.41  4.14  3.99   2.74  2.17  2.35   2.66  4.01  3.59

21    2.54  2.50  2.52   3.84  4.25  3.77   2.89  2.16  2.35   2.78  4.32  3.63
22    2.50  2.60  2.48   3.96  4.20  3.74   2.93  2.40  2.33   2.86  4.54  3.49
23    2.47  2.75  2.81   4.19  4.15  3.59   2.85  2.40  2.50   3.01  4.71  3.54
24    2.44  2.81  3.22   4.37  4.73  3.48   2.62  2.29  2.36   3.42  4.73  3.48
25    2.46  4.14  3.61   4.66  4.81  3.34   2.69  2.45  2.47   3.91  4.71  3.24

26    2.49  4.16  3.97   4.87  4.71  3.18   2.61  2.46  2.35   4.21  4.66  2.85
27    2.65  5.17  4.41   4.90  4.51  3.04   2.76  2.52  2.41   4.95  4.48  2.61
28    3.05  5.36  4.41   4.90  4.23  2.83   2.56  2.58  2.52   5.32  4.13  2.42
29    3.63  0.00  4.56   4.66  4.14  2.63   2.32  2.47  2.66   5.63  3.78  2.32
30    4.12  0.00  4.63   4.31  3.98  2.42   2.46  2.39  2.71   5.43  3.65  2.23

31    4.49  0.00  4.40   0.00  3.45  0.00   2.61  2.61  0.00   5.08  0.00  2.21
-------------------------------------------------------------------------------
Mean  3.55  3.84  3.90   3.76  3.72  3.15   2.85  2.55  2.36   3.17  3.77  2.97
-------------------------------------------------------------------------------
                                                        1986 Yearly Mean = 3.29
