1960                    CORONAL INDEX OF SOLAR ACTIVITY                    1960
Lomnicky Peak Sta     Full-Disk Fe XIV Emission (530.3 nm)    Units=10**16 W/sr
===============================================================================
Day   Jan   Feb   Mar    Apr   May   Jun    Jul   Aug   Sep    Oct   Nov   Dec
-------------------------------------------------------------------------------
 1    8.09 10.89  8.24  10.11 10.43  9.44   9.49  7.58  7.77   8.93  7.52  6.92
 2    7.63 11.17  8.45  10.86 10.80  9.14   9.31  7.66  8.99   7.73  7.58  7.07
 3    7.54 11.29  8.81  10.64 11.20  8.89   9.15  7.90  9.25   7.49  7.82  7.00
 4    7.36 11.08  9.20  10.24 11.52  8.76   9.02  7.26  9.81   7.85  8.16  6.94
 5    7.60 10.87  9.82   9.98 11.87  8.92   9.24  8.29 10.28   7.87  8.56  6.85

 6    7.77 10.63  9.23   9.60 11.61  9.09   9.70  8.30 10.80   8.05  9.45  6.70
 7    8.24  9.95  9.03   9.40 11.13  8.87   9.51  8.25  9.96   8.29  9.23  6.46
 8    8.34  9.97  9.68  10.36 10.51  9.08   9.48  9.36 11.23   8.17  8.86  6.44
 9    8.40  9.34  9.23  10.02 10.41  9.48   9.62  9.26 10.94   8.14  9.38  6.35
10    9.32  9.23  8.77   9.11 10.18  9.81   9.50  9.05 12.07   8.15  9.62  6.19

11    9.68  9.13  7.88   9.39  9.91 10.21   9.75  9.01 11.57   8.44  9.97  6.12
12    9.60  8.99  7.35   9.67  9.24 10.45   9.19  8.85 11.56   8.71  9.74  5.96
13    9.29  8.79  7.11  10.11  8.92 10.08   9.19  8.43 11.22   9.52  9.17  5.76
14    8.68  8.79  7.64  10.70  8.77 10.37   9.01  9.23 11.83   9.51  8.67  5.49
15    8.04  8.76  7.88  11.00  8.95 10.60   9.14  8.87 11.54   9.56  9.30  5.40

16    8.66  8.79  8.37  10.89  9.39 10.67   8.77  9.03 11.88   9.63  9.04  5.31
17    7.83  9.01  7.86  11.27  8.95 10.20   8.57  9.08 11.81  10.04  8.96  5.33
18    7.17  9.32  7.91  11.82  9.06 10.08   7.90  9.12 12.07  10.18  8.50  5.20
19    7.01  9.28  7.94  12.18  9.25  9.93   8.87  8.36 12.16  10.54  8.32  5.06
20    7.31  9.42  8.63  12.43  9.27  9.87   7.85  8.69 12.17   9.45  8.35  4.97

21    7.77  9.65  8.47  12.83  9.33 10.07   8.09  8.22 10.78   9.37  8.87  5.20
22    8.46  9.64  8.04  12.64  9.20 10.30   8.15  8.62 11.18   9.15  8.68  5.40
23    8.61  9.60  8.04  12.13  8.24 10.35   7.65  7.97 11.67   8.88  8.43  5.63
24    8.82 10.10  8.03  12.20  8.61 10.45   7.83  7.70 10.94   8.61  7.63  5.92
25    9.10  9.21  8.12  11.51  8.87 10.54   8.49  7.39 10.51   8.49  7.33  5.84

26    9.46  9.12  8.36  11.20  9.19 10.50   8.39  7.27  9.32   7.67  7.30  6.10
27    9.70  8.89  8.58  11.32  9.33 10.44   8.49  7.44  9.13   7.36  7.27  6.67
28    9.95  9.07  8.92  11.15  8.82 10.29   8.63  7.70  9.35   7.41  7.13  6.91
29   10.25  8.56  9.53  10.67  8.88  9.84   8.05  7.87  9.14   7.15  7.09  7.13
30   10.61        9.68  10.65  9.07  9.69   7.78  8.39  8.65   7.02  7.07  7.29

31   10.82        9.87         9.49         7.86  8.33         7.40        7.49
-------------------------------------------------------------------------------
Mean  8.62  9.60  8.54  10.87  9.69  9.88   8.76  8.34 10.65   8.54  8.43  6.16
-------------------------------------------------------------------------------
                                                       1960 Yearly Mean =  8.99
