1982                    CORONAL INDEX OF SOLAR ACTIVITY                    1982
Lomnicky Peak Sta     Full-Disk Fe XIV Emission (530.3 nm)    Units=10**16 W/sr
===============================================================================
Day   Jan   Feb   Mar    Apr   May   Jun    Jul   Aug   Sep    Oct   Nov   Dec
-------------------------------------------------------------------------------
 1   19.87 18.46 17.87  16.51 17.41 13.33  12.43 11.09 17.35  22.46 19.99 15.69
 2   17.69 18.68 17.75  17.39 17.65 13.63  12.26 12.30 17.82  20.29 17.56 15.57
 3   16.87 19.44 19.07  18.05 17.15 12.32  11.51 13.79 18.65  19.01 17.44 16.05
 4   16.05 18.35 21.06  17.84 16.38 12.34  11.65 13.76 17.04  17.66 17.85 13.07
 5   14.69 16.95 20.40  16.69 15.80 13.24  10.65 14.07 17.47  17.14 16.34 13.16

 6   13.39 17.02 20.34  17.30 14.80 12.67  10.25 15.03 16.73  17.29 18.20 15.31
 7   12.13 16.38 17.99  17.91 16.33 11.91  11.53 17.13 17.19  14.28 16.45 14.80
 8   12.03 15.41 17.90  18.23 15.21 12.03  10.68 18.68 16.33  13.11 15.47 15.67
 9   12.73 14.15 16.88  17.62 13.49 11.05  10.89 19.66 15.98  12.70 15.27 16.14
10   13.12 13.10 16.12  16.87 13.52 11.22  12.04 16.33 14.74  12.48 14.98 15.75

11   13.30 13.91 15.51  17.00 13.96 11.74  12.37 16.99 14.61  15.55 14.36 16.35
12   13.26 15.18 15.40  17.99 14.52 11.79  12.77 17.86 14.07  15.88 16.75 15.85
13   13.53 15.26 15.72  19.09 16.18 11.19  12.90 18.11 13.62  16.34 14.13 14.62
14   13.99 15.03 15.10  18.96 14.09 11.18  13.19 16.63 14.39  16.78 13.99 14.25
15   14.55 14.71 14.77  18.15 14.36 11.43  13.97 15.42 14.11  16.97 13.78 14.74

16   14.50 14.36 15.52  17.49 13.67 11.71  14.15 12.87 12.80  15.36 16.89 15.46
17   15.09 15.82 14.77  17.28 13.81 12.00  13.76 12.64 13.23  17.79 17.91 16.12
18   14.18 16.38 14.74  17.27 15.18 12.49  13.40 13.90 12.97  17.32 19.26 14.48
19   14.15 16.75 14.63  16.85 13.39 12.53  13.13 13.31 13.35  17.53 18.78 13.20
20   13.77 16.44 13.51  16.09 12.48 12.76  13.07 13.61 16.43  17.56 18.14 14.04

21   14.02 17.60 13.82  14.91 12.58 12.95  13.81 13.70 15.93  19.15 17.72 13.73
22   14.65 19.48 14.16  14.30 12.26 12.34  12.46 13.38 16.74  18.21 17.70 13.37
23   16.49 20.25 14.05  13.63 13.50 11.77  11.82 13.12 19.02  19.17 16.18 14.27
24   14.99 19.45 14.87  14.21 14.56 12.80  11.83 13.89 20.46  18.72 14.90 12.44
25   15.19 19.21 14.71  14.81 14.34 11.90  12.00 14.54 21.88  17.91 16.15 11.92

26   16.09 19.14 14.32  15.43 14.37 11.90  11.48 13.73 23.90  18.14 15.46 11.90
27   16.57 19.14 14.09  15.93 14.25 12.17  11.52 13.89 23.16  17.04 15.50 11.40
28   18.34 18.87 14.78  16.11 13.79 12.62  11.32 14.74 22.95  16.02 15.49 11.48
29   18.81       15.70  16.23 14.21 12.53  11.38 15.04 23.02  17.08 15.63 11.41
30   17.51       15.41  16.43 14.61 12.09  11.59 16.03 23.51  16.58 16.33 10.41

31   17.91       15.98        13.42        11.54 16.66        16.79       10.20
-------------------------------------------------------------------------------
Mean 15.13 16.96 16.03  16.75 14.56 12.19  12.17 14.90 17.32  17.04 16.45 13.96
-------------------------------------------------------------------------------
                                                        1982 Yearly Mean =15.27
