1967                    CORONAL INDEX OF SOLAR ACTIVITY                    1967
Lomnicky Peak Sta     Full-Disk Fe XIV Emission (530.3 nm)    Units=10**16 W/sr
===============================================================================
Day   Jan   Feb   Mar    Apr   May   Jun    Jul   Aug   Sep    Oct   Nov   Dec
-------------------------------------------------------------------------------
 1    9.84 12.14 11.57  11.21 11.38 10.39  13.28  9.89 10.52  11.48 10.31  9.87
 2   10.40 10.27 11.13  12.12 10.85  9.12  11.71 10.44  9.66  11.10 11.10 10.50
 3   11.20  9.99 12.80  11.68 10.45  8.14  10.94  9.64 11.10  11.59  9.76  9.65
 4   11.32  9.64 11.31  11.54 10.13  7.63  10.36 10.45  9.05  10.58  9.03  9.17
 5   11.69 10.44 11.24  11.43 11.01  7.13  10.03  9.70  9.86  10.97  8.75  9.00

 6   11.84  8.65 11.12  10.58  9.40  7.44   9.07  9.09  9.52  11.05  8.54  9.36
 7   10.29  8.76 11.12  10.60  9.73  6.32   8.96  8.76  9.17  10.53  8.54  9.12
 8   10.60  8.46  9.82   9.46  9.26  6.41   7.98 10.39  9.97  10.35  8.96  8.70
 9   10.96  8.16 10.32   9.19  8.27  6.64   7.88  8.75 10.61  11.11  8.68  8.49
10   10.87  8.27  9.91   9.96  8.58  6.81   7.58  8.98  9.81  10.81  9.15  9.53

11   10.50  8.15 10.18   9.75  9.45  6.89   7.82  9.56 10.10  11.05  9.03  9.63
12   10.68  7.74  9.63   8.73  9.03  6.90   7.15  9.82  9.85  11.58  9.55 10.03
13    8.64  8.38  9.91  10.20  8.92  6.87   8.10 10.10 10.33   9.60  9.90 10.35
14    9.69  9.59 11.37   9.62  9.72  7.44   8.33 10.61 11.40   8.86 10.83 11.19
15    9.52  8.77 11.70  10.61  9.11  8.08   9.89  9.89 10.89  11.44  8.90 12.06

16    9.15 10.51 11.64  11.02 11.67  7.96   9.06 10.40 10.17   9.40  9.51 13.11
17    7.49  8.99 11.78  12.26 13.01  7.93   9.81 10.67  9.77   8.89 10.00 13.04
18    9.10  9.32 11.72  13.08 13.70  8.58  11.04 11.13 10.96   9.41 10.29 13.72
19    8.04  9.41 11.82  14.41 13.82  8.44  10.87 11.23 11.49   8.52 10.93 13.85
20    9.01 10.64 12.74  13.59 14.45  8.88  11.05 11.06 11.41   8.54 11.32 13.45

21    8.66 10.74 12.63  13.54 13.82  9.25  11.44 10.18 11.26  10.11  9.96 13.30
22    9.56 10.62 12.05  13.00 14.68  9.17  13.00 10.74 11.53   9.40 11.57 13.38
23    8.07 10.14 12.23  13.03 14.19  9.04  12.87 10.14 12.47  11.22 11.25 12.84
24    9.46 10.27 12.28  12.63 13.04  9.31  13.71 11.17 13.61  13.10 12.28 12.96
25   10.63 11.32 12.05  13.47 12.67 10.36  12.85 11.47 14.20  14.67 11.36 12.93

26   11.41 12.12 11.80  11.51 13.37 10.51  13.79 10.92 13.36  12.54 11.84 12.38
27   11.26 11.81 11.48  11.77 12.61 10.78  13.75 10.73 13.58  13.87 11.56 14.00
28   11.56 11.31 12.07  12.19 12.03 11.63  13.14 11.14 13.32  14.24 11.11 14.62
29   11.47       12.03  12.84 11.12 11.78  12.79 10.92 12.94  14.65 10.28 13.90
30   12.28       11.76  11.63 10.18 11.24  12.03 11.20 11.73  15.37 10.25 14.40

31   12.38       11.71        10.69        11.15 10.93        12.73       14.81
-------------------------------------------------------------------------------
Mean 10.25 11.10 11.45  11.94 11.30  8.93  10.66 10.34 11.49  11.25 10.57 11.72
-------------------------------------------------------------------------------
                                                        1967 Yearly Mean =10.69
