1944                    CORONAL INDEX OF SOLAR ACTIVITY                    1944
Lomnicky Peak Sta     Full-Disk Fe XIV Emission (530.3 nm)    Units=10**16 W/sr
===============================================================================
Day   Jan   Feb   Mar    Apr   May   Jun    Jul   Aug   Sep    Oct   Nov   Dec
-------------------------------------------------------------------------------
 1    2.29  3.08  1.91   2.46  1.71  1.67   1.85  2.03  2.20   3.81  3.60  3.52
 2    2.06  3.02  1.93   2.41  1.71  1.67   1.85  2.03  2.21   3.76  3.60  3.52
 3    2.09  2.96  1.96   2.37  1.71  1.68   1.85  2.04  2.22   3.73  3.60  3.52
 4    1.89  2.94  2.01   2.34  1.71  1.68   1.86  2.04  2.22   3.71  3.60  3.52
 5    1.86  2.86  2.05   2.31  1.70  1.69   1.86  2.05  2.23   3.90  3.59  3.52

 6    1.83  2.81  2.08   2.29  1.70  1.69   1.87  2.05  2.24   3.90  3.59  3.51
 7    2.03  2.81  2.10   2.27  1.70  1.70   1.88  2.06  2.25   3.80  3.59  3.51
 8    2.19  2.79  2.10   2.24  1.70  1.70   1.89  2.06  2.25   3.69  3.58  3.50
 9    2.47  2.77  2.09   2.22  1.69  1.71   1.89  2.07  2.27   3.59  3.58  3.50
10    2.66  2.75  2.07   2.20  1.69  1.71   1.90  2.08  2.29   3.50  3.57  3.49

11    2.75  2.74  2.08   2.17  1.68  1.72   1.91  2.08  2.27   3.45  3.57  3.49
12    2.82  2.72  2.10   2.14  1.68  1.73   1.91  2.09  2.24   3.32  3.57  3.48
13    3.21  2.69  2.10   2.12  1.68  1.74   1.92  2.10  2.17   3.23  3.57  3.48
14    3.25  2.68  2.10   2.09  1.67  1.74   1.92  2.10  2.16   3.19  3.56  3.48
15    3.40  2.64  2.08   2.07  1.67  1.75   1.93  2.11  2.18   3.24  3.56  3.47

16    3.48  2.62  2.08   2.05  1.66  1.76   1.93  2.11  2.21   3.29  3.55  3.47
17    3.52  2.61  2.09   2.02  1.66  1.77   1.94  2.11  2.16   3.35  3.55  3.46
18    3.93  2.60  2.13   2.00  1.66  1.77   1.94  2.12  2.12   3.42  3.55  3.47
19    4.19  2.55  2.17   1.98  1.66  1.77   1.95  2.14  2.07   3.54  3.54  3.46
20    4.16  2.51  2.25   1.95  1.65  1.78   1.95  2.14  2.09   3.61  3.54  3.46

21    4.48  2.44  2.38   1.93  1.65  1.79   1.96  2.15  2.07   3.64  3.54  3.49
22    4.63  2.41  2.56   1.90  1.66  1.79   1.97  2.15  2.11   3.64  3.53  3.52
23    4.66  2.34  2.74   1.87  1.65  1.80   1.97  2.16  2.15   3.64  3.53  3.48
24    4.44  2.27  2.89   1.84  1.65  1.80   1.98  2.17  2.27   3.63  3.53  3.37
25    4.18  2.13  2.97   1.81  1.65  1.81   1.98  2.17  2.45   3.63  3.53  3.28

26    3.91  2.05  3.00   1.78  1.65  1.82   1.99  2.18  2.60   3.63  3.53  3.31
27    3.75  1.99  2.98   1.76  1.65  1.83   2.00  2.18  2.73   3.62  3.52  3.32
28    3.53  1.94  2.90   1.74  1.66  1.83   2.01  2.19  2.99   3.62  3.51  3.25
29    3.51  1.92  2.79   1.72  1.65  1.84   2.01  2.19  3.35   3.61  3.52  3.11
30    3.16        2.65   1.71  1.65  1.84   2.02  2.19  3.65   3.61  3.52  3.06

31    3.20        2.53         1.66         2.02  2.19         3.61        3.09
-------------------------------------------------------------------------------
Mean  3.21  2.57  2.32   2.06  1.67  1.75   1.93  2.11  2.35   3.58  3.56  3.42
-------------------------------------------------------------------------------
                                                       1944 Yearly Mean =  2.55
