1943                    CORONAL INDEX OF SOLAR ACTIVITY                    1943
Lomnicky Peak Sta     Full-Disk Fe XIV Emission (530.3 nm)    Units=10**16 W/sr
===============================================================================
Day   Jan   Feb   Mar    Apr   May   Jun    Jul   Aug   Sep    Oct   Nov   Dec
-------------------------------------------------------------------------------
 1    5.17  5.09  8.83   6.30  3.15  4.74   5.41  6.10  5.82   3.64  3.93  2.70
 2    4.99  4.66  8.31   6.20  3.04  4.76   5.43  6.18  5.68   3.97  3.88  2.66
 3    4.82  4.32  8.23   6.09  2.94  4.78   5.46  6.16  5.63   4.17  3.84  2.62
 4    4.60  4.08  8.07   5.99  2.84  4.80   5.48  6.26  5.79   4.53  3.81  2.56
 5    4.53  3.99  7.87   5.88  2.73  4.82   5.50  6.37  6.01   4.90  3.76  2.50

 6    4.43  4.07  7.67   5.79  2.62  4.84   5.52  6.52  6.03   5.25  3.72  2.43
 7    4.24  4.35  7.54   5.67  2.51  4.87   5.54  6.35  6.13   5.24  3.68  2.35
 8    4.24  4.69  7.66   5.56  2.41  4.89   5.56  6.35  6.46   5.14  3.64  2.26
 9    4.32  5.09  7.83   5.46  2.29  4.91   5.59  5.97  6.82   4.84  3.60  2.15
10    4.23  5.60  7.97   5.36  2.24  4.94   5.61  6.10  6.61   4.78  3.56  2.11

11    4.53  6.21  8.30   5.24  2.24  4.96   5.62  6.56  6.68   4.41  3.52  2.11
12    4.80  7.14  8.51   5.14  2.27  4.99   5.65  6.63  6.59   3.96  3.48  2.17
13    5.08  7.87  8.84   5.04  2.34  5.01   5.67  5.96  6.45   3.64  3.44  2.28
14    5.60  8.56  8.85   4.93  2.36  5.04   5.68  5.76  6.08   3.48  3.40  2.45
15    6.21  9.18  9.33   4.83  2.41  5.06   5.71  4.99  5.93   3.41  3.36  2.68

16    6.89  9.68  9.66   4.72  2.57  5.08   5.73  5.65  5.70   3.36  3.32  2.97
17    7.83 10.07  9.64   4.61  2.73  5.10   5.75  5.14  5.63   3.39  3.28  3.28
18    8.30 10.38  9.53   4.51  2.86  5.12   5.77  4.85  5.55   3.42  3.24  3.56
19    8.65 10.43  9.32   4.41  2.95  5.14   5.80  4.69  5.49   3.45  3.20  3.78
20    9.07 10.35  9.07   4.30  2.93  5.16   5.82  4.65  5.25   3.47  3.16  3.95

21    9.33 10.41  9.05   4.19  3.15  5.18   5.84  4.53  4.95   3.50  3.12  4.06
22    9.43 10.43  8.75   4.08  3.40  5.20   5.87  4.57  4.73   3.57  3.07  4.14
23    9.35 10.44  8.33   3.98  3.68  5.22   5.90  4.27  4.53   3.70  3.04  4.06
24    9.02 10.35  7.93   3.88  3.86  5.24   5.92  5.26  4.37   3.81  2.99  3.94
25    8.68  9.79  7.58   3.78  4.04  5.27   5.94  5.19  4.20   3.89  2.95  3.80

26    8.39  9.58  7.29   3.67  4.22  5.29   5.96  5.18  3.99   3.98  2.91  3.63
27    8.03  9.42  6.99   3.57  4.43  5.31   5.98  5.14  3.85   4.06  2.87  3.33
28    7.58  9.10  6.75   3.46  4.58  5.34   5.95  5.12  3.76   4.09  2.83  3.16
29    6.97        6.61   3.36  4.68  5.36   5.96  5.32  3.64   4.05  2.79  2.78
30    6.26        6.51   3.26  4.70  5.38   5.99  5.76  3.65   4.01  2.75  2.59

31    5.63        6.40         4.72         6.03  6.03         3.97        2.41
-------------------------------------------------------------------------------
Mean  6.49  7.69  8.17   4.78  3.16  5.06   5.73  5.60  5.40   4.03  3.34  2.95
-------------------------------------------------------------------------------
                                                       1943 Yearly Mean =  5.19
