1992,1,1,16.04
1992,1,10,14.78
1992,1,11,14.02
1992,1,12,13.34
1992,1,13,12.98
1992,1,14,12.71
1992,1,15,11.93
1992,1,16,11.98
1992,1,17,11.60
1992,1,18,12.00
1992,1,19,11.98
1992,1,2,15.91
1992,1,20,11.93
1992,1,21,12.41
1992,1,22,13.04
1992,1,23,12.68
1992,1,24,14.82
1992,1,25,14.54
1992,1,26,15.49
1992,1,27,15.75
1992,1,28,15.60
1992,1,29,15.66
1992,1,3,16.99
1992,1,30,15.38
1992,1,31,15.22
1992,1,4,17.90
1992,1,5,17.22
1992,1,6,16.18
1992,1,7,15.46
1992,1,8,14.96
1992,1,9,14.92
1992,10,1,8.36
1992,10,10,8.57
1992,10,11,8.44
1992,10,12,8.59
1992,10,13,8.42
1992,10,14,8.21
1992,10,15,8.28
1992,10,16,7.99
1992,10,17,7.89
1992,10,18,7.80
1992,10,19,7.79
1992,10,2,8.91
1992,10,20,7.65
1992,10,21,7.76
1992,10,22,8.24
1992,10,23,8.79
1992,10,24,9.24
1992,10,25,9.54
1992,10,26,9.68
1992,10,27,10.06
1992,10,28,10.04
1992,10,29,9.72
1992,10,3,9.17
1992,10,30,9.31
1992,10,31,9.07
1992,10,4,9.03
1992,10,5,8.85
1992,10,6,9.03
1992,10,7,9.18
1992,10,8,9.38
1992,10,9,8.86
1992,11,1,8.88
1992,11,10,8.50
1992,11,11,9.71
1992,11,12,8.66
1992,11,13,8.81
1992,11,14,8.94
1992,11,15,8.91
1992,11,16,8.91
1992,11,17,9.21
1992,11,18,9.69
1992,11,19,9.31
1992,11,2,8.33
1992,11,20,9.11
1992,11,21,8.88
1992,11,22,9.40
1992,11,23,9.83
1992,11,24,10.19
1992,11,25,9.71
1992,11,26,9.20
1992,11,27,9.44
1992,11,28,9.71
1992,11,29,9.76
1992,11,3,8.49
1992,11,30,9.55
1992,11,31,0.00
1992,11,4,8.13
1992,11,5,8.43
1992,11,6,8.33
1992,11,7,8.31
1992,11,8,8.22
1992,11,9,9.49
1992,12,1,10.68
1992,12,10,9.04
1992,12,11,10.20
1992,12,12,10.66
1992,12,13,10.69
1992,12,14,11.20
1992,12,15,11.10
1992,12,16,9.69
1992,12,17,12.00
1992,12,18,11.86
1992,12,19,11.35
1992,12,2,8.88
1992,12,20,11.28
1992,12,21,10.81
1992,12,22,10.62
1992,12,23,11.10
1992,12,24,10.73
1992,12,25,10.66
1992,12,26,9.97
1992,12,27,10.04
1992,12,28,10.27
1992,12,29,9.88
1992,12,3,9.84
1992,12,30,9.87
1992,12,31,9.84
1992,12,4,9.61
1992,12,5,9.49
1992,12,6,9.63
1992,12,7,10.20
1992,12,8,9.45
1992,12,9,9.53
1992,2,1,14.26
1992,2,10,14.64
1992,2,11,13.64
1992,2,12,12.66
1992,2,13,12.85
1992,2,14,13.01
1992,2,15,12.81
1992,2,16,12.24
1992,2,17,11.66
1992,2,18,12.02
1992,2,19,12.76
1992,2,2,13.08
1992,2,20,13.22
1992,2,21,13.59
1992,2,22,13.64
1992,2,23,13.92
1992,2,24,14.30
1992,2,25,14.68
1992,2,26,14.67
1992,2,27,14.78
1992,2,28,13.83
1992,2,29,14.20
1992,2,3,12.76
1992,2,30,0.00
1992,2,31,0.00
1992,2,4,13.02
1992,2,5,12.74
1992,2,6,12.82
1992,2,7,12.87
1992,2,8,13.25
1992,2,9,14.08
1992,3,1,14.23
1992,3,10,13.92
1992,3,11,13.81
1992,3,12,13.40
1992,3,13,12.65
1992,3,14,12.80
1992,3,15,13.00
1992,3,16,13.68
1992,3,17,13.91
1992,3,18,14.26
1992,3,19,13.79
1992,3,2,14.33
1992,3,20,14.65
1992,3,21,14.65
1992,3,22,14.93
1992,3,23,14.52
1992,3,24,14.06
1992,3,25,13.44
1992,3,26,13.18
1992,3,27,12.59
1992,3,28,12.56
1992,3,29,12.69
1992,3,3,14.26
1992,3,30,13.00
1992,3,31,14.11
1992,3,4,14.12
1992,3,5,14.25
1992,3,6,14.32
1992,3,7,13.88
1992,3,8,13.86
1992,3,9,13.77
1992,4,1,13.62
1992,4,10,11.53
1992,4,11,11.53
1992,4,12,12.08
1992,4,13,12.68
1992,4,14,12.77
1992,4,15,13.08
1992,4,16,13.26
1992,4,17,13.77
1992,4,18,14.11
1992,4,19,15.23
1992,4,2,12.60
1992,4,20,14.49
1992,4,21,13.93
1992,4,22,13.42
1992,4,23,13.09
1992,4,24,13.33
1992,4,25,12.60
1992,4,26,13.21
1992,4,27,13.01
1992,4,28,12.93
1992,4,29,12.55
1992,4,3,13.28
1992,4,30,12.60
1992,4,31,0.00
1992,4,4,12.97
1992,4,5,12.62
1992,4,6,12.38
1992,4,7,12.11
1992,4,8,11.45
1992,4,9,11.86
1992,5,1,12.18
1992,5,10,12.43
1992,5,11,12.98
1992,5,12,12.83
1992,5,13,13.65
1992,5,14,14.02
1992,5,15,14.30
1992,5,16,13.22
1992,5,17,14.07
1992,5,18,13.51
1992,5,19,13.83
1992,5,2,12.06
1992,5,20,13.45
1992,5,21,13.39
1992,5,22,12.50
1992,5,23,12.35
1992,5,24,11.52
1992,5,25,12.92
1992,5,26,10.50
1992,5,27,10.36
1992,5,28,10.29
1992,5,29,9.72
1992,5,3,11.63
1992,5,30,9.39
1992,5,31,9.68
1992,5,4,11.19
1992,5,5,10.94
1992,5,6,10.41
1992,5,7,11.19
1992,5,8,11.55
1992,5,9,12.00
1992,6,1,9.58
1992,6,10,11.86
1992,6,11,11.32
1992,6,12,11.63
1992,6,13,12.06
1992,6,14,11.56
1992,6,15,11.24
1992,6,16,10.50
1992,6,17,10.49
1992,6,18,10.47
1992,6,19,10.54
1992,6,2,9.58
1992,6,20,10.21
1992,6,21,9.67
1992,6,22,9.31
1992,6,23,9.08
1992,6,24,8.44
1992,6,25,8.21
1992,6,26,7.89
1992,6,27,7.45
1992,6,28,7.48
1992,6,29,7.56
1992,6,3,9.94
1992,6,30,7.95
1992,6,31,0.00
1992,6,4,9.98
1992,6,5,9.75
1992,6,6,10.20
1992,6,7,11.12
1992,6,8,9.91
1992,6,9,11.21
1992,7,1,8.45
1992,7,10,11.44
1992,7,11,11.41
1992,7,12,11.41
1992,7,13,10.93
1992,7,14,10.65
1992,7,15,10.30
1992,7,16,10.38
1992,7,17,9.97
1992,7,18,10.14
1992,7,19,10.08
1992,7,2,8.39
1992,7,20,9.08
1992,7,21,9.09
1992,7,22,7.74
1992,7,23,7.30
1992,7,24,7.12
1992,7,25,7.14
1992,7,26,7.02
1992,7,27,7.24
1992,7,28,7.08
1992,7,29,7.79
1992,7,3,8.81
1992,7,30,8.11
1992,7,31,8.19
1992,7,4,8.86
1992,7,5,9.51
1992,7,6,11.20
1992,7,7,11.57
1992,7,8,11.63
1992,7,9,10.66
1992,8,1,8.48
1992,8,10,10.38
1992,8,11,10.36
1992,8,12,10.17
1992,8,13,10.89
1992,8,14,11.28
1992,8,15,10.26
1992,8,16,9.84
1992,8,17,9.42
1992,8,18,9.10
1992,8,19,9.61
1992,8,2,9.18
1992,8,20,8.40
1992,8,21,7.60
1992,8,22,7.49
1992,8,23,8.06
1992,8,24,7.76
1992,8,25,7.67
1992,8,26,7.68
1992,8,27,7.50
1992,8,28,7.59
1992,8,29,8.26
1992,8,3,9.17
1992,8,30,7.66
1992,8,31,8.87
1992,8,4,10.10
1992,8,5,10.36
1992,8,6,10.15
1992,8,7,10.95
1992,8,8,11.16
1992,8,9,9.92
1992,9,1,8.79
1992,9,10,8.69
1992,9,11,9.03
1992,9,12,8.63
1992,9,13,8.26
1992,9,14,8.55
1992,9,15,8.59
1992,9,16,9.04
1992,9,17,9.64
1992,9,18,9.49
1992,9,19,9.32
1992,9,2,9.00
1992,9,20,9.53
1992,9,21,8.81
1992,9,22,8.80
1992,9,23,9.25
1992,9,24,8.18
1992,9,25,7.16
1992,9,26,7.95
1992,9,27,8.34
1992,9,28,8.76
1992,9,29,8.53
1992,9,3,8.93
1992,9,30,8.30
1992,9,31,0.00
1992,9,4,8.79
1992,9,5,8.55
1992,9,6,8.75
1992,9,7,8.41
1992,9,8,8.47
1992,9,9,8.43
1993,1,1,9.38
1993,1,10,8.32
1993,1,11,8.72
1993,1,12,9.51
1993,1,13,9.54
1993,1,14,9.83
1993,1,15,9.34
1993,1,16,9.19
1993,1,17,9.79
1993,1,18,9.60
1993,1,19,7.98
1993,1,2,9.66
1993,1,20,8.07
1993,1,21,7.35
1993,1,22,7.66
1993,1,23,7.71
1993,1,24,7.77
1993,1,25,7.99
1993,1,26,8.66
1993,1,27,9.22
1993,1,28,9.90
1993,1,29,8.78
1993,1,3,9.83
1993,1,30,9.19
1993,1,31,8.66
1993,1,4,8.62
1993,1,5,8.82
1993,1,6,8.89
1993,1,7,8.85
1993,1,8,8.96
1993,1,9,8.60
1993,10,1,3.46
1993,10,10,4.71
1993,10,11,4.20
1993,10,12,4.70
1993,10,13,4.86
1993,10,14,4.76
1993,10,15,4.68
1993,10,16,5.07
1993,10,17,4.97
1993,10,18,5.00
1993,10,19,4.93
1993,10,2,4.03
1993,10,20,4.98
1993,10,21,5.05
1993,10,22,5.32
1993,10,23,5.62
1993,10,24,5.74
1993,10,25,5.47
1993,10,26,5.55
1993,10,27,5.40
1993,10,28,4.94
1993,10,29,5.51
1993,10,3,4.02
1993,10,30,6.30
1993,10,31,5.13
1993,10,4,4.15
1993,10,5,3.76
1993,10,6,3.50
1993,10,7,4.18
1993,10,8,4.37
1993,10,9,4.34
1993,11,1,5.40
1993,11,10,5.66
1993,11,11,5.63
1993,11,12,5.28
1993,11,13,5.04
1993,11,14,5.40
1993,11,15,5.41
1993,11,16,5.31
1993,11,17,5.24
1993,11,18,5.26
1993,11,19,4.90
1993,11,2,5.16
1993,11,20,6.03
1993,11,21,5.45
1993,11,22,4.99
1993,11,23,4.61
1993,11,24,4.80
1993,11,25,5.28
1993,11,26,5.28
1993,11,27,5.10
1993,11,28,4.97
1993,11,29,4.90
1993,11,3,5.28
1993,11,30,5.25
1993,11,31,0.00
1993,11,4,5.89
1993,11,5,6.71
1993,11,6,5.36
1993,11,7,5.39
1993,11,8,5.34
1993,11,9,5.22
1993,12,1,5.80
1993,12,10,5.17
1993,12,11,5.16
1993,12,12,4.89
1993,12,13,4.43
1993,12,14,4.24
1993,12,15,3.99
1993,12,16,3.72
1993,12,17,3.73
1993,12,18,3.66
1993,12,19,3.21
1993,12,2,5.62
1993,12,20,3.50
1993,12,21,3.74
1993,12,22,3.95
1993,12,23,4.19
1993,12,24,4.39
1993,12,25,4.55
1993,12,26,5.03
1993,12,27,5.58
1993,12,28,6.00
1993,12,29,6.36
1993,12,3,5.66
1993,12,30,6.59
1993,12,31,6.74
1993,12,4,5.49
1993,12,5,5.49
1993,12,6,5.55
1993,12,7,5.66
1993,12,8,5.11
1993,12,9,5.32
1993,2,1,8.57
1993,2,10,9.69
1993,2,11,8.98
1993,2,12,8.92
1993,2,13,9.06
1993,2,14,9.35
1993,2,15,10.45
1993,2,16,9.52
1993,2,17,7.98
1993,2,18,7.69
1993,2,19,7.44
1993,2,2,8.04
1993,2,20,7.30
1993,2,21,7.36
1993,2,22,6.51
1993,2,23,6.96
1993,2,24,7.05
1993,2,25,7.09
1993,2,26,7.27
1993,2,27,7.53
1993,2,28,7.87
1993,2,29,0.00
1993,2,3,8.06
1993,2,30,0.00
1993,2,31,0.00
1993,2,4,7.69
1993,2,5,7.80
1993,2,6,8.03
1993,2,7,7.92
1993,2,8,8.05
1993,2,9,8.89
1993,3,1,8.44
1993,3,10,8.92
1993,3,11,8.74
1993,3,12,9.03
1993,3,13,9.06
1993,3,14,9.54
1993,3,15,8.45
1993,3,16,8.76
1993,3,17,8.19
1993,3,18,8.92
1993,3,19,8.25
1993,3,2,8.66
1993,3,20,7.97
1993,3,21,7.57
1993,3,22,8.47
1993,3,23,8.53
1993,3,24,8.70
1993,3,25,8.82
1993,3,26,8.83
1993,3,27,9.92
1993,3,28,9.55
1993,3,29,9.68
1993,3,3,8.68
1993,3,30,9.79
1993,3,31,10.53
1993,3,4,8.73
1993,3,5,8.62
1993,3,6,8.74
1993,3,7,8.86
1993,3,8,9.15
1993,3,9,8.90
1993,4,1,9.16
1993,4,10,7.45
1993,4,11,7.54
1993,4,12,7.33
1993,4,13,7.12
1993,4,14,6.98
1993,4,15,6.64
1993,4,16,6.94
1993,4,17,7.07
1993,4,18,7.48
1993,4,19,7.82
1993,4,2,9.08
1993,4,20,7.93
1993,4,21,8.20
1993,4,22,8.28
1993,4,23,8.62
1993,4,24,8.81
1993,4,25,8.67
1993,4,26,8.85
1993,4,27,9.49
1993,4,28,8.60
1993,4,29,9.40
1993,4,3,8.68
1993,4,30,8.53
1993,4,31,0.00
1993,4,4,8.68
1993,4,5,8.69
1993,4,6,8.33
1993,4,7,7.62
1993,4,8,7.59
1993,4,9,7.41
1993,5,1,8.80
1993,5,10,7.68
1993,5,11,7.55
1993,5,12,7.19
1993,5,13,7.18
1993,5,14,7.59
1993,5,15,7.27
1993,5,16,7.57
1993,5,17,7.30
1993,5,18,6.67
1993,5,19,7.12
1993,5,2,9.29
1993,5,20,6.46
1993,5,21,7.16
1993,5,22,7.57
1993,5,23,8.28
1993,5,24,7.87
1993,5,25,7.23
1993,5,26,7.59
1993,5,27,8.02
1993,5,28,8.15
1993,5,29,8.17
1993,5,3,9.44
1993,5,30,8.07
1993,5,31,8.18
1993,5,4,8.50
1993,5,5,8.36
1993,5,6,7.95
1993,5,7,7.80
1993,5,8,8.33
1993,5,9,7.97
1993,6,1,8.54
1993,6,10,8.21
1993,6,11,8.43
1993,6,12,8.18
1993,6,13,7.31
1993,6,14,7.30
1993,6,15,6.98
1993,6,16,7.13
1993,6,17,7.38
1993,6,18,7.84
1993,6,19,7.87
1993,6,2,8.28
1993,6,20,8.05
1993,6,21,8.30
1993,6,22,8.34
1993,6,23,8.41
1993,6,24,9.00
1993,6,25,8.94
1993,6,26,9.34
1993,6,27,9.03
1993,6,28,9.18
1993,6,29,8.62
1993,6,3,8.47
1993,6,30,9.23
1993,6,31,0.00
1993,6,4,8.26
1993,6,5,8.82
1993,6,6,8.89
1993,6,7,8.73
1993,6,8,8.57
1993,6,9,8.56
1993,7,1,9.12
1993,7,10,6.06
1993,7,11,5.72
1993,7,12,6.02
1993,7,13,6.61
1993,7,14,6.88
1993,7,15,7.09
1993,7,16,7.39
1993,7,17,7.87
1993,7,18,8.27
1993,7,19,9.06
1993,7,2,9.08
1993,7,20,8.86
1993,7,21,9.09
1993,7,22,9.44
1993,7,23,9.46
1993,7,24,9.02
1993,7,25,9.04
1993,7,26,8.65
1993,7,27,8.08
1993,7,28,7.46
1993,7,29,7.23
1993,7,3,8.04
1993,7,30,6.47
1993,7,31,7.37
1993,7,4,9.12
1993,7,5,7.29
1993,7,6,7.78
1993,7,7,7.40
1993,7,8,7.04
1993,7,9,6.63
1993,8,1,7.00
1993,8,10,4.60
1993,8,11,4.22
1993,8,12,4.76
1993,8,13,5.03
1993,8,14,5.14
1993,8,15,5.29
1993,8,16,7.08
1993,8,17,5.98
1993,8,18,6.14
1993,8,19,6.04
1993,8,2,6.84
1993,8,20,5.87
1993,8,21,5.77
1993,8,22,6.15
1993,8,23,5.62
1993,8,24,5.44
1993,8,25,5.29
1993,8,26,5.12
1993,8,27,4.86
1993,8,28,5.26
1993,8,29,5.16
1993,8,3,6.88
1993,8,30,5.17
1993,8,31,4.68
1993,8,4,6.42
1993,8,5,6.37
1993,8,6,5.70
1993,8,7,4.75
1993,8,8,4.08
1993,8,9,3.95
1993,9,1,4.23
1993,9,10,4.40
1993,9,11,4.72
1993,9,12,4.94
1993,9,13,4.93
1993,9,14,4.47
1993,9,15,4.33
1993,9,16,4.42
1993,9,17,4.23
1993,9,18,4.21
1993,9,19,3.88
1993,9,2,3.96
1993,9,20,3.72
1993,9,21,3.88
1993,9,22,4.53
1993,9,23,3.93
1993,9,24,4.49
1993,9,25,4.16
1993,9,26,4.58
1993,9,27,4.69
1993,9,28,4.85
1993,9,29,3.96
1993,9,3,3.73
1993,9,30,3.84
1993,9,31,0.00
1993,9,4,3.43
1993,9,5,3.72
1993,9,6,3.53
1993,9,7,3.77
1993,9,8,4.11
1993,9,9,4.01
1994,1,1,6.70
1994,1,10,6.51
1994,1,11,6.54
1994,1,12,5.98
1994,1,13,5.61
1994,1,14,5.53
1994,1,15,5.85
1994,1,16,5.72
1994,1,17,5.66
1994,1,18,5.80
1994,1,19,5.75
1994,1,2,6.82
1994,1,20,5.71
1994,1,21,5.84
1994,1,22,5.32
1994,1,23,6.34
1994,1,24,7.72
1994,1,25,7.58
1994,1,26,7.72
1994,1,27,7.88
1994,1,28,8.14
1994,1,29,8.36
1994,1,3,7.26
1994,1,30,8.13
1994,1,31,7.75
1994,1,4,7.13
1994,1,5,7.38
1994,1,6,7.32
1994,1,7,7.12
1994,1,8,7.35
1994,1,9,7.50
1994,10,1,2.16
1994,10,10,3.35
1994,10,11,3.13
1994,10,12,3.38
1994,10,13,3.09
1994,10,14,3.12
1994,10,15,3.36
1994,10,16,3.38
1994,10,17,3.45
1994,10,18,3.93
1994,10,19,3.69
1994,10,2,2.20
1994,10,20,3.79
1994,10,21,3.68
1994,10,22,3.47
1994,10,23,3.62
1994,10,24,3.94
1994,10,25,3.79
1994,10,26,3.79
1994,10,27,3.33
1994,10,28,3.40
1994,10,29,3.63
1994,10,3,2.16
1994,10,30,3.86
1994,10,31,3.68
1994,10,4,2.29
1994,10,5,2.39
1994,10,6,2.65
1994,10,7,2.66
1994,10,8,3.09
1994,10,9,2.82
1994,11,1,3.82
1994,11,10,3.38
1994,11,11,3.23
1994,11,12,3.21
1994,11,13,3.40
1994,11,14,3.16
1994,11,15,3.07
1994,11,16,3.07
1994,11,17,3.13
1994,11,18,3.12
1994,11,19,3.07
1994,11,2,3.24
1994,11,20,2.89
1994,11,21,2.81
1994,11,22,2.69
1994,11,23,2.66
1994,11,24,2.64
1994,11,25,2.67
1994,11,26,2.74
1994,11,27,3.09
1994,11,28,3.15
1994,11,29,3.00
1994,11,3,3.45
1994,11,30,2.91
1994,11,31,0.00
1994,11,4,3.80
1994,11,5,3.74
1994,11,6,3.66
1994,11,7,4.34
1994,11,8,3.64
1994,11,9,3.60
1994,12,1,2.91
1994,12,10,3.46
1994,12,11,3.36
1994,12,12,3.38
1994,12,13,3.42
1994,12,14,3.44
1994,12,15,3.42
1994,12,16,3.34
1994,12,17,3.25
1994,12,18,3.17
1994,12,19,3.00
1994,12,2,3.24
1994,12,20,2.88
1994,12,21,2.71
1994,12,22,2.66
1994,12,23,2.78
1994,12,24,2.89
1994,12,25,2.93
1994,12,26,3.08
1994,12,27,3.25
1994,12,28,3.46
1994,12,29,3.61
1994,12,3,3.78
1994,12,30,3.57
1994,12,31,3.58
1994,12,4,3.54
1994,12,5,3.31
1994,12,6,3.17
1994,12,7,3.94
1994,12,8,3.84
1994,12,9,3.62
1994,2,1,7.44
1994,2,10,4.95
1994,2,11,5.28
1994,2,12,5.15
1994,2,13,5.24
1994,2,14,5.17
1994,2,15,5.19
1994,2,16,5.95
1994,2,17,5.64
1994,2,18,5.73
1994,2,19,6.42
1994,2,2,7.12
1994,2,20,6.86
1994,2,21,7.26
1994,2,22,7.46
1994,2,23,7.59
1994,2,24,7.82
1994,2,25,7.60
1994,2,26,7.75
1994,2,27,7.24
1994,2,28,6.87
1994,2,29,0.00
1994,2,3,6.58
1994,2,30,0.00
1994,2,31,0.00
1994,2,4,6.29
1994,2,5,5.99
1994,2,6,6.15
1994,2,7,5.27
1994,2,8,4.57
1994,2,9,4.04
1994,3,1,7.13
1994,3,10,4.90
1994,3,11,5.22
1994,3,12,5.28
1994,3,13,5.62
1994,3,14,5.29
1994,3,15,5.64
1994,3,16,5.41
1994,3,17,5.73
1994,3,18,5.73
1994,3,19,5.83
1994,3,2,7.20
1994,3,20,5.90
1994,3,21,6.15
1994,3,22,5.98
1994,3,23,5.76
1994,3,24,5.61
1994,3,25,5.38
1994,3,26,5.28
1994,3,27,5.09
1994,3,28,5.10
1994,3,29,5.34
1994,3,3,7.18
1994,3,30,5.31
1994,3,31,5.43
1994,3,4,6.94
1994,3,5,6.70
1994,3,6,6.18
1994,3,7,6.01
1994,3,8,5.75
1994,3,9,5.70
1994,4,1,5.42
1994,4,10,4.33
1994,4,11,4.42
1994,4,12,4.33
1994,4,13,4.77
1994,4,14,5.10
1994,4,15,5.87
1994,4,16,6.05
1994,4,17,6.24
1994,4,18,6.45
1994,4,19,6.79
1994,4,2,5.11
1994,4,20,6.60
1994,4,21,6.44
1994,4,22,5.96
1994,4,23,5.53
1994,4,24,5.68
1994,4,25,5.33
1994,4,26,5.00
1994,4,27,5.19
1994,4,28,5.18
1994,4,29,4.99
1994,4,3,5.11
1994,4,30,4.66
1994,4,31,0.00
1994,4,4,4.83
1994,4,5,3.76
1994,4,6,4.42
1994,4,7,4.37
1994,4,8,4.25
1994,4,9,4.26
1994,5,1,4.35
1994,5,10,4.14
1994,5,11,3.76
1994,5,12,3.64
1994,5,13,3.80
1994,5,14,3.84
1994,5,15,4.40
1994,5,16,4.45
1994,5,17,3.60
1994,5,18,3.79
1994,5,19,4.04
1994,5,2,4.05
1994,5,20,4.00
1994,5,21,4.18
1994,5,22,3.94
1994,5,23,3.79
1994,5,24,3.98
1994,5,25,4.20
1994,5,26,3.98
1994,5,27,3.77
1994,5,28,3.41
1994,5,29,3.68
1994,5,3,3.94
1994,5,30,3.92
1994,5,31,3.86
1994,5,4,4.21
1994,5,5,3.95
1994,5,6,3.50
1994,5,7,3.56
1994,5,8,3.56
1994,5,9,3.87
1994,6,1,3.93
1994,6,10,5.36
1994,6,11,5.54
1994,6,12,5.75
1994,6,13,5.25
1994,6,14,5.38
1994,6,15,5.03
1994,6,16,5.03
1994,6,17,4.76
1994,6,18,4.52
1994,6,19,4.08
1994,6,2,3.58
1994,6,20,3.82
1994,6,21,3.42
1994,6,22,3.22
1994,6,23,3.28
1994,6,24,2.98
1994,6,25,2.90
1994,6,26,3.01
1994,6,27,3.07
1994,6,28,3.36
1994,6,29,3.59
1994,6,3,3.49
1994,6,30,3.32
1994,6,31,0.00
1994,6,4,3.74
1994,6,5,3.93
1994,6,6,4.33
1994,6,7,4.91
1994,6,8,4.50
1994,6,9,4.57
1994,7,1,3.84
1994,7,10,4.34
1994,7,11,3.96
1994,7,12,3.65
1994,7,13,3.71
1994,7,14,3.70
1994,7,15,4.01
1994,7,16,3.95
1994,7,17,3.91
1994,7,18,3.58
1994,7,19,3.35
1994,7,2,3.53
1994,7,20,3.31
1994,7,21,3.36
1994,7,22,3.75
1994,7,23,3.79
1994,7,24,3.37
1994,7,25,3.37
1994,7,26,3.33
1994,7,27,3.52
1994,7,28,4.03
1994,7,29,4.22
1994,7,3,3.69
1994,7,30,3.70
1994,7,31,3.78
1994,7,4,5.09
1994,7,5,4.19
1994,7,6,4.09
1994,7,7,4.14
1994,7,8,3.97
1994,7,9,4.48
1994,8,1,3.72
1994,8,10,4.08
1994,8,11,3.78
1994,8,12,3.53
1994,8,13,3.38
1994,8,14,3.37
1994,8,15,3.05
1994,8,16,2.88
1994,8,17,3.04
1994,8,18,3.18
1994,8,19,3.31
1994,8,2,3.71
1994,8,20,3.43
1994,8,21,3.21
1994,8,22,3.13
1994,8,23,3.54
1994,8,24,3.62
1994,8,25,3.54
1994,8,26,3.48
1994,8,27,3.39
1994,8,28,3.43
1994,8,29,3.67
1994,8,3,3.87
1994,8,30,3.81
1994,8,31,3.31
1994,8,4,3.98
1994,8,5,3.93
1994,8,6,3.94
1994,8,7,3.83
1994,8,8,3.74
1994,8,9,4.10
1994,9,1,3.55
1994,9,10,3.81
1994,9,11,4.07
1994,9,12,3.59
1994,9,13,3.09
1994,9,14,2.74
1994,9,15,2.77
1994,9,16,2.78
1994,9,17,2.74
1994,9,18,2.70
1994,9,19,2.50
1994,9,2,3.94
1994,9,20,2.76
1994,9,21,2.85
1994,9,22,2.90
1994,9,23,2.81
1994,9,24,3.16
1994,9,25,2.94
1994,9,26,2.75
1994,9,27,2.61
1994,9,28,2.56
1994,9,29,2.35
1994,9,3,3.96
1994,9,30,2.43
1994,9,31,0.00
1994,9,4,4.25
1994,9,5,4.48
1994,9,6,3.90
1994,9,7,4.30
1994,9,8,4.25
1994,9,9,3.85
1995,1,1,3.52
1995,1,10,3.79
1995,1,11,3.78
1995,1,12,3.83
1995,1,13,3.92
1995,1,14,3.77
1995,1,15,3.88
1995,1,16,3.86
1995,1,17,3.28
1995,1,18,3.02
1995,1,19,2.74
1995,1,2,3.54
1995,1,20,2.39
1995,1,21,2.32
1995,1,22,2.19
1995,1,23,2.15
1995,1,24,2.12
1995,1,25,2.20
1995,1,26,2.29
1995,1,27,2.40
1995,1,28,2.55
1995,1,29,2.64
1995,1,3,3.59
1995,1,30,2.64
1995,1,31,2.87
1995,1,4,3.62
1995,1,5,3.37
1995,1,6,3.17
1995,1,7,2.95
1995,1,8,3.25
1995,1,9,3.55
1995,10,1,2.80
1995,10,10,2.56
1995,10,11,2.76
1995,10,12,2.67
1995,10,13,2.69
1995,10,14,3.02
1995,10,15,3.14
1995,10,16,3.34
1995,10,17,3.40
1995,10,18,3.25
1995,10,19,3.44
1995,10,2,2.81
1995,10,20,3.30
1995,10,21,3.22
1995,10,22,3.19
1995,10,23,2.76
1995,10,24,2.48
1995,10,25,2.52
1995,10,26,2.31
1995,10,27,2.51
1995,10,28,2.43
1995,10,29,2.44
1995,10,3,2.71
1995,10,30,2.45
1995,10,31,2.52
1995,10,4,2.43
1995,10,5,2.22
1995,10,6,2.46
1995,10,7,2.58
1995,10,8,2.61
1995,10,9,2.65
1995,11,1,2.55
1995,11,10,3.17
1995,11,11,3.17
1995,11,12,3.06
1995,11,13,3.30
1995,11,14,3.12
1995,11,15,3.30
1995,11,16,3.13
1995,11,17,3.05
1995,11,18,3.04
1995,11,19,2.94
1995,11,2,2.68
1995,11,20,2.82
1995,11,21,2.86
1995,11,22,2.40
1995,11,23,2.77
1995,11,24,2.89
1995,11,25,2.66
1995,11,26,2.62
1995,11,27,2.51
1995,11,28,2.41
1995,11,29,2.44
1995,11,3,2.75
1995,11,30,2.98
1995,11,31,0.00
1995,11,4,2.85
1995,11,5,2.91
1995,11,6,2.84
1995,11,7,2.99
1995,11,8,3.02
1995,11,9,3.10
1995,12,1,2.44
1995,12,10,2.77
1995,12,11,2.39
1995,12,12,2.32
1995,12,13,2.22
1995,12,14,2.24
1995,12,15,2.21
1995,12,16,2.15
1995,12,17,1.98
1995,12,18,1.75
1995,12,19,1.74
1995,12,2,2.36
1995,12,20,1.77
1995,12,21,1.81
1995,12,22,1.78
1995,12,23,1.90
1995,12,24,1.93
1995,12,25,2.01
1995,12,26,2.07
1995,12,27,2.10
1995,12,28,2.10
1995,12,29,2.51
1995,12,3,2.23
1995,12,30,2.48
1995,12,31,2.42
1995,12,4,2.48
1995,12,5,2.52
1995,12,6,2.59
1995,12,7,2.38
1995,12,8,2.31
1995,12,9,2.25
1995,2,1,2.67
1995,2,10,4.99
1995,2,11,3.77
1995,2,12,3.59
1995,2,13,3.35
1995,2,14,3.44
1995,2,15,3.57
1995,2,16,3.77
1995,2,17,3.31
1995,2,18,3.21
1995,2,19,3.25
1995,2,2,2.61
1995,2,20,3.33
1995,2,21,3.58
1995,2,22,3.67
1995,2,23,3.14
1995,2,24,3.31
1995,2,25,3.42
1995,2,26,3.40
1995,2,27,3.35
1995,2,28,3.12
1995,2,29,0.00
1995,2,3,2.99
1995,2,30,0.00
1995,2,31,0.00
1995,2,4,3.44
1995,2,5,3.50
1995,2,6,3.90
1995,2,7,3.85
1995,2,8,4.11
1995,2,9,4.70
1995,3,1,2.98
1995,3,10,3.13
1995,3,11,3.11
1995,3,12,2.78
1995,3,13,2.66
1995,3,14,2.45
1995,3,15,2.53
1995,3,16,2.57
1995,3,17,2.66
1995,3,18,2.73
1995,3,19,2.84
1995,3,2,2.77
1995,3,20,2.75
1995,3,21,2.97
1995,3,22,3.07
1995,3,23,3.06
1995,3,24,3.06
1995,3,25,3.05
1995,3,26,3.02
1995,3,27,3.03
1995,3,28,2.97
1995,3,29,2.52
1995,3,3,2.64
1995,3,30,2.55
1995,3,31,2.54
1995,3,4,2.65
1995,3,5,3.06
1995,3,6,3.24
1995,3,7,3.33
1995,3,8,3.24
1995,3,9,3.20
1995,4,1,2.61
1995,4,10,2.36
1995,4,11,2.44
1995,4,12,2.46
1995,4,13,2.54
1995,4,14,2.64
1995,4,15,2.77
1995,4,16,3.24
1995,4,17,3.65
1995,4,18,3.52
1995,4,19,3.59
1995,4,2,2.66
1995,4,20,3.63
1995,4,21,3.79
1995,4,22,4.21
1995,4,23,3.98
1995,4,24,3.27
1995,4,25,3.05
1995,4,26,2.88
1995,4,27,3.09
1995,4,28,3.21
1995,4,29,3.33
1995,4,3,2.67
1995,4,30,3.12
1995,4,31,0.00
1995,4,4,2.55
1995,4,5,2.61
1995,4,6,2.46
1995,4,7,2.33
1995,4,8,2.26
1995,4,9,2.30
1995,5,1,2.90
1995,5,10,2.70
1995,5,11,2.70
1995,5,12,2.68
1995,5,13,2.59
1995,5,14,2.45
1995,5,15,2.33
1995,5,16,2.40
1995,5,17,2.67
1995,5,18,2.80
1995,5,19,2.74
1995,5,2,2.65
1995,5,20,2.75
1995,5,21,2.61
1995,5,22,2.50
1995,5,23,2.36
1995,5,24,2.26
1995,5,25,2.21
1995,5,26,2.60
1995,5,27,2.22
1995,5,28,2.22
1995,5,29,2.18
1995,5,3,2.80
1995,5,30,2.52
1995,5,31,2.28
1995,5,4,2.67
1995,5,5,2.74
1995,5,6,2.76
1995,5,7,2.82
1995,5,8,2.85
1995,5,9,2.73
1995,6,1,2.52
1995,6,10,3.27
1995,6,11,3.39
1995,6,12,3.47
1995,6,13,3.44
1995,6,14,3.35
1995,6,15,3.52
1995,6,16,3.22
1995,6,17,3.02
1995,6,18,2.80
1995,6,19,2.63
1995,6,2,2.53
1995,6,20,2.41
1995,6,21,2.52
1995,6,22,2.55
1995,6,23,2.56
1995,6,24,2.45
1995,6,25,2.50
1995,6,26,2.48
1995,6,27,2.57
1995,6,28,2.66
1995,6,29,2.76
1995,6,3,2.83
1995,6,30,2.78
1995,6,31,0.00
1995,6,4,2.87
1995,6,5,3.01
1995,6,6,2.94
1995,6,7,3.08
1995,6,8,3.05
1995,6,9,3.46
1995,7,1,2.80
1995,7,10,1.56
1995,7,11,1.69
1995,7,12,1.88
1995,7,13,2.03
1995,7,14,2.19
1995,7,15,2.34
1995,7,16,2.49
1995,7,17,2.59
1995,7,18,2.67
1995,7,19,2.65
1995,7,2,2.66
1995,7,20,2.64
1995,7,21,2.83
1995,7,22,2.84
1995,7,23,2.84
1995,7,24,2.90
1995,7,25,3.03
1995,7,26,3.28
1995,7,27,3.42
1995,7,28,3.06
1995,7,29,3.17
1995,7,3,2.48
1995,7,30,3.22
1995,7,31,3.20
1995,7,4,2.36
1995,7,5,2.09
1995,7,6,1.93
1995,7,7,1.68
1995,7,8,1.58
1995,7,9,1.41
1995,8,1,2.97
1995,8,10,3.22
1995,8,11,2.89
1995,8,12,2.88
1995,8,13,2.88
1995,8,14,2.85
1995,8,15,2.61
1995,8,16,2.55
1995,8,17,2.41
1995,8,18,2.53
1995,8,19,2.66
1995,8,2,2.80
1995,8,20,2.59
1995,8,21,2.62
1995,8,22,2.68
1995,8,23,2.73
1995,8,24,2.75
1995,8,25,2.72
1995,8,26,2.58
1995,8,27,2.55
1995,8,28,2.57
1995,8,29,2.60
1995,8,3,2.87
1995,8,30,2.68
1995,8,31,2.81
1995,8,4,3.07
1995,8,5,3.07
1995,8,6,3.06
1995,8,7,3.03
1995,8,8,3.19
1995,8,9,3.25
1995,9,1,3.01
1995,9,10,3.62
1995,9,11,3.38
1995,9,12,3.16
1995,9,13,3.04
1995,9,14,2.93
1995,9,15,2.90
1995,9,16,2.94
1995,9,17,3.03
1995,9,18,3.16
1995,9,19,3.24
1995,9,2,3.28
1995,9,20,3.26
1995,9,21,3.25
1995,9,22,3.26
1995,9,23,3.25
1995,9,24,3.21
1995,9,25,3.09
1995,9,26,3.16
1995,9,27,3.15
1995,9,28,3.06
1995,9,29,2.88
1995,9,3,3.56
1995,9,30,2.81
1995,9,31,0.00
1995,9,4,3.80
1995,9,5,4.01
1995,9,6,4.12
1995,9,7,4.15
1995,9,8,4.05
1995,9,9,3.85
1996,1,1,2.35
1996,1,10,2.22
1996,1,11,2.08
1996,1,12,1.98
1996,1,13,1.79
1996,1,14,1.76
1996,1,15,1.99
1996,1,16,2.29
1996,1,17,1.98
1996,1,18,2.21
1996,1,19,2.15
1996,1,2,2.26
1996,1,20,2.39
1996,1,21,2.60
1996,1,22,3.21
1996,1,23,2.86
1996,1,24,2.92
1996,1,25,2.89
1996,1,26,3.21
1996,1,27,3.14
1996,1,28,3.29
1996,1,29,3.14
1996,1,3,2.22
1996,1,30,3.29
1996,1,31,3.07
1996,1,4,2.32
1996,1,5,2.26
1996,1,6,2.25
1996,1,7,2.16
1996,1,8,2.07
1996,1,9,2.17
1996,10,1,2.28
1996,10,10,1.03
1996,10,11,0.80
1996,10,12,0.93
1996,10,13,1.02
1996,10,14,1.46
1996,10,15,1.62
1996,10,16,1.84
1996,10,17,1.98
1996,10,18,2.14
1996,10,19,2.28
1996,10,2,2.10
1996,10,20,2.34
1996,10,21,2.23
1996,10,22,2.36
1996,10,23,2.35
1996,10,24,2.23
1996,10,25,2.09
1996,10,26,1.88
1996,10,27,1.82
1996,10,28,2.22
1996,10,29,2.07
1996,10,3,2.10
1996,10,30,1.86
1996,10,31,1.61
1996,10,4,1.72
1996,10,5,1.50
1996,10,6,1.34
1996,10,7,1.23
1996,10,8,1.00
1996,10,9,1.18
1996,11,1,1.41
1996,11,10,1.84
1996,11,11,2.02
1996,11,12,2.25
1996,11,13,2.37
1996,11,14,2.44
1996,11,15,2.33
1996,11,16,2.30
1996,11,17,2.22
1996,11,18,2.31
1996,11,19,2.48
1996,11,2,1.43
1996,11,20,2.55
1996,11,21,2.56
1996,11,22,2.56
1996,11,23,2.44
1996,11,24,2.57
1996,11,25,2.49
1996,11,26,1.93
1996,11,27,1.95
1996,11,28,2.14
1996,11,29,2.30
1996,11,3,1.50
1996,11,30,2.53
1996,11,31,0.00
1996,11,4,1.33
1996,11,5,1.13
1996,11,6,0.97
1996,11,7,1.10
1996,11,8,1.32
1996,11,9,1.53
1996,12,1,2.62
1996,12,10,4.08
1996,12,11,3.49
1996,12,12,3.77
1996,12,13,4.08
1996,12,14,4.06
1996,12,15,4.65
1996,12,16,4.95
1996,12,17,4.01
1996,12,18,3.64
1996,12,19,3.47
1996,12,2,2.61
1996,12,20,3.37
1996,12,21,3.55
1996,12,22,3.65
1996,12,23,3.30
1996,12,24,2.97
1996,12,25,2.75
1996,12,26,2.64
1996,12,27,3.21
1996,12,28,3.87
1996,12,29,3.40
1996,12,3,2.53
1996,12,30,2.85
1996,12,31,2.64
1996,12,4,2.54
1996,12,5,2.23
1996,12,6,2.24
1996,12,7,2.25
1996,12,8,2.19
1996,12,9,3.03
1996,2,1,2.81
1996,2,10,1.41
1996,2,11,1.37
1996,2,12,1.30
1996,2,13,1.46
1996,2,14,1.54
1996,2,15,1.61
1996,2,16,1.66
1996,2,17,1.64
1996,2,18,1.59
1996,2,19,1.49
1996,2,2,3.34
1996,2,20,1.36
1996,2,21,1.25
1996,2,22,1.19
1996,2,23,1.13
1996,2,24,1.13
1996,2,25,1.17
1996,2,26,1.21
1996,2,27,1.44
1996,2,28,1.51
1996,2,29,1.77
1996,2,3,3.34
1996,2,30,0.00
1996,2,31,0.00
1996,2,4,3.13
1996,2,5,2.84
1996,2,6,1.87
1996,2,7,1.95
1996,2,8,1.94
1996,2,9,1.78
1996,3,1,1.60
1996,3,10,1.09
1996,3,11,1.37
1996,3,12,1.28
1996,3,13,1.31
1996,3,14,1.30
1996,3,15,1.44
1996,3,16,1.45
1996,3,17,1.32
1996,3,18,1.20
1996,3,19,1.21
1996,3,2,1.49
1996,3,20,1.00
1996,3,21,1.04
1996,3,22,0.89
1996,3,23,0.98
1996,3,24,1.05
1996,3,25,1.06
1996,3,26,1.15
1996,3,27,1.38
1996,3,28,1.42
1996,3,29,1.48
1996,3,3,1.34
1996,3,30,1.50
1996,3,31,1.49
1996,3,4,1.29
1996,3,5,1.24
1996,3,6,1.25
1996,3,7,0.96
1996,3,8,0.88
1996,3,9,0.87
1996,4,1,1.47
1996,4,10,1.49
1996,4,11,1.62
1996,4,12,1.64
1996,4,13,1.75
1996,4,14,1.68
1996,4,15,1.72
1996,4,16,1.60
1996,4,17,1.61
1996,4,18,1.74
1996,4,19,1.78
1996,4,2,1.56
1996,4,20,1.46
1996,4,21,1.56
1996,4,22,1.52
1996,4,23,1.58
1996,4,24,1.88
1996,4,25,1.74
1996,4,26,1.58
1996,4,27,1.58
1996,4,28,1.58
1996,4,29,1.68
1996,4,3,1.42
1996,4,30,1.83
1996,4,31,0.00
1996,4,4,1.31
1996,4,5,1.21
1996,4,6,1.08
1996,4,7,1.15
1996,4,8,1.44
1996,4,9,1.32
1996,5,1,1.73
1996,5,10,2.07
1996,5,11,2.05
1996,5,12,1.97
1996,5,13,1.86
1996,5,14,1.83
1996,5,15,1.86
1996,5,16,1.87
1996,5,17,1.64
1996,5,18,1.75
1996,5,19,1.86
1996,5,2,1.62
1996,5,20,1.99
1996,5,21,2.01
1996,5,22,1.76
1996,5,23,1.80
1996,5,24,1.78
1996,5,25,1.70
1996,5,26,1.68
1996,5,27,1.61
1996,5,28,1.46
1996,5,29,1.50
1996,5,3,1.44
1996,5,30,1.24
1996,5,31,1.24
1996,5,4,1.45
1996,5,5,1.88
1996,5,6,1.90
1996,5,7,1.99
1996,5,8,2.04
1996,5,9,2.02
1996,6,1,1.88
1996,6,10,1.54
1996,6,11,1.23
1996,6,12,1.50
1996,6,13,1.68
1996,6,14,1.58
1996,6,15,1.60
1996,6,16,1.61
1996,6,17,1.63
1996,6,18,1.63
1996,6,19,1.70
1996,6,2,1.88
1996,6,20,1.75
1996,6,21,1.83
1996,6,22,1.94
1996,6,23,2.04
1996,6,24,2.09
1996,6,25,2.12
1996,6,26,2.05
1996,6,27,2.02
1996,6,28,1.95
1996,6,29,1.84
1996,6,3,2.10
1996,6,30,1.77
1996,6,31,0.00
1996,6,4,2.27
1996,6,5,1.92
1996,6,6,2.57
1996,6,7,2.34
1996,6,8,1.66
1996,6,9,1.83
1996,7,1,1.77
1996,7,10,2.59
1996,7,11,2.71
1996,7,12,2.39
1996,7,13,2.52
1996,7,14,1.70
1996,7,15,1.72
1996,7,16,1.80
1996,7,17,1.47
1996,7,18,1.50
1996,7,19,1.48
1996,7,2,1.75
1996,7,20,1.50
1996,7,21,1.61
1996,7,22,1.72
1996,7,23,1.76
1996,7,24,2.07
1996,7,25,2.36
1996,7,26,2.33
1996,7,27,2.13
1996,7,28,2.41
1996,7,29,2.47
1996,7,3,1.80
1996,7,30,2.36
1996,7,31,2.28
1996,7,4,1.65
1996,7,5,1.85
1996,7,6,2.01
1996,7,7,2.47
1996,7,8,2.46
1996,7,9,2.49
1996,8,1,1.95
1996,8,10,1.41
1996,8,11,1.69
1996,8,12,1.55
1996,8,13,1.52
1996,8,14,1.52
1996,8,15,1.56
1996,8,16,1.59
1996,8,17,1.65
1996,8,18,1.60
1996,8,19,1.71
1996,8,2,1.95
1996,8,20,1.79
1996,8,21,1.92
1996,8,22,2.10
1996,8,23,2.17
1996,8,24,2.17
1996,8,25,2.12
1996,8,26,1.94
1996,8,27,2.14
1996,8,28,2.15
1996,8,29,2.07
1996,8,3,2.42
1996,8,30,2.13
1996,8,31,2.29
1996,8,4,2.22
1996,8,5,2.24
1996,8,6,2.23
1996,8,7,2.09
1996,8,8,1.99
1996,8,9,1.88
1996,9,1,2.41
1996,9,10,1.73
1996,9,11,1.73
1996,9,12,1.63
1996,9,13,1.57
1996,9,14,1.55
1996,9,15,1.50
1996,9,16,1.67
1996,9,17,1.67
1996,9,18,1.97
1996,9,19,1.86
1996,9,2,2.48
1996,9,20,2.30
1996,9,21,2.42
1996,9,22,2.45
1996,9,23,2.45
1996,9,24,2.66
1996,9,25,2.54
1996,9,26,2.56
1996,9,27,2.53
1996,9,28,2.47
1996,9,29,2.47
1996,9,3,2.46
1996,9,30,2.43
1996,9,31,0.00
1996,9,4,2.41
1996,9,5,2.39
1996,9,6,2.31
1996,9,7,2.13
1996,9,8,1.93
1996,9,9,1.84
1997,1,1,2.75
1997,1,10,3.62
1997,1,11,3.59
1997,1,12,3.87
1997,1,13,3.41
1997,1,14,3.19
1997,1,15,2.89
1997,1,16,3.05
1997,1,17,2.48
1997,1,18,2.67
1997,1,19,2.04
1997,1,2,2.84
1997,1,20,1.96
1997,1,21,1.80
1997,1,22,1.74
1997,1,23,1.69
1997,1,24,1.55
1997,1,25,1.61
1997,1,26,1.90
1997,1,27,1.76
1997,1,28,1.72
1997,1,29,1.54
1997,1,3,2.86
1997,1,30,1.33
1997,1,31,1.85
1997,1,4,2.64
1997,1,5,2.68
1997,1,6,3.08
1997,1,7,2.86
1997,1,8,3.04
1997,1,9,3.22
1997,10,1,4.63
1997,10,10,4.50
1997,10,11,4.43
1997,10,12,4.29
1997,10,13,4.20
1997,10,14,4.28
1997,10,15,4.47
1997,10,16,4.46
1997,10,17,4.60
1997,10,18,4.33
1997,10,19,3.99
1997,10,2,4.60
1997,10,20,4.10
1997,10,21,4.07
1997,10,22,4.16
1997,10,23,4.41
1997,10,24,3.46
1997,10,25,3.31
1997,10,26,3.57
1997,10,27,3.50
1997,10,28,3.74
1997,10,29,3.91
1997,10,3,4.55
1997,10,30,3.97
1997,10,31,4.26
1997,10,4,4.62
1997,10,5,4.43
1997,10,6,4.73
1997,10,7,3.76
1997,10,8,3.91
1997,10,9,4.12
1997,11,1,4.41
1997,11,10,4.10
1997,11,11,3.82
1997,11,12,4.21
1997,11,13,3.93
1997,11,14,3.89
1997,11,15,3.86
1997,11,16,3.94
1997,11,17,4.02
1997,11,18,4.16
1997,11,19,4.17
1997,11,2,4.03
1997,11,20,4.43
1997,11,21,4.68
1997,11,22,4.90
1997,11,23,5.09
1997,11,24,5.22
1997,11,25,5.21
1997,11,26,5.56
1997,11,27,5.52
1997,11,28,5.41
1997,11,29,5.37
1997,11,3,4.59
1997,11,30,5.17
1997,11,31,0.00
1997,11,4,4.59
1997,11,5,4.75
1997,11,6,4.70
1997,11,7,4.64
1997,11,8,4.51
1997,11,9,4.43
1997,12,1,5.10
1997,12,10,4.97
1997,12,11,4.77
1997,12,12,4.52
1997,12,13,4.29
1997,12,14,4.21
1997,12,15,4.36
1997,12,16,4.29
1997,12,17,4.10
1997,12,18,4.15
1997,12,19,4.25
1997,12,2,5.32
1997,12,20,4.31
1997,12,21,4.36
1997,12,22,4.35
1997,12,23,4.45
1997,12,24,4.54
1997,12,25,4.44
1997,12,26,4.23
1997,12,27,4.38
1997,12,28,5.09
1997,12,29,5.13
1997,12,3,5.49
1997,12,30,5.16
1997,12,31,5.03
1997,12,4,5.67
1997,12,5,5.59
1997,12,6,5.26
1997,12,7,5.21
1997,12,8,5.09
1997,12,9,5.02
1997,2,1,2.00
1997,2,10,2.52
1997,2,11,2.57
1997,2,12,2.52
1997,2,13,2.49
1997,2,14,2.40
1997,2,15,2.48
1997,2,16,2.43
1997,2,17,1.94
1997,2,18,1.89
1997,2,19,1.97
1997,2,2,1.94
1997,2,20,1.98
1997,2,21,1.97
1997,2,22,2.04
1997,2,23,2.24
1997,2,24,2.14
1997,2,25,2.08
1997,2,26,1.89
1997,2,27,1.80
1997,2,28,1.85
1997,2,29,0.00
1997,2,3,1.85
1997,2,30,0.00
1997,2,31,0.00
1997,2,4,1.79
1997,2,5,1.93
1997,2,6,2.22
1997,2,7,2.36
1997,2,8,2.30
1997,2,9,2.54
1997,3,1,1.96
1997,3,10,2.63
1997,3,11,2.31
1997,3,12,2.33
1997,3,13,2.33
1997,3,14,1.97
1997,3,15,2.28
1997,3,16,2.33
1997,3,17,2.33
1997,3,18,2.29
1997,3,19,2.19
1997,3,2,1.88
1997,3,20,2.00
1997,3,21,2.00
1997,3,22,1.96
1997,3,23,1.97
1997,3,24,1.98
1997,3,25,2.03
1997,3,26,2.10
1997,3,27,2.04
1997,3,28,2.08
1997,3,29,2.16
1997,3,3,2.01
1997,3,30,2.20
1997,3,31,2.31
1997,3,4,2.24
1997,3,5,2.23
1997,3,6,2.73
1997,3,7,2.72
1997,3,8,2.50
1997,3,9,2.59
1997,4,1,2.46
1997,4,10,3.10
1997,4,11,2.97
1997,4,12,2.81
1997,4,13,2.65
1997,4,14,2.33
1997,4,15,2.46
1997,4,16,2.29
1997,4,17,2.10
1997,4,18,1.97
1997,4,19,1.84
1997,4,2,2.79
1997,4,20,1.74
1997,4,21,1.63
1997,4,22,1.70
1997,4,23,1.81
1997,4,24,1.95
1997,4,25,1.88
1997,4,26,1.84
1997,4,27,1.77
1997,4,28,2.01
1997,4,29,2.22
1997,4,3,2.99
1997,4,30,2.42
1997,4,31,0.00
1997,4,4,3.17
1997,4,5,3.30
1997,4,6,3.36
1997,4,7,3.35
1997,4,8,3.07
1997,4,9,3.20
1997,5,1,2.35
1997,5,10,2.18
1997,5,11,1.76
1997,5,12,1.85
1997,5,13,1.95
1997,5,14,2.13
1997,5,15,1.99
1997,5,16,1.89
1997,5,17,1.89
1997,5,18,2.05
1997,5,19,2.23
1997,5,2,2.38
1997,5,20,2.37
1997,5,21,2.39
1997,5,22,2.62
1997,5,23,2.77
1997,5,24,2.90
1997,5,25,2.99
1997,5,26,3.06
1997,5,27,3.12
1997,5,28,3.13
1997,5,29,3.13
1997,5,3,2.36
1997,5,30,3.09
1997,5,31,3.06
1997,5,4,2.48
1997,5,5,2.43
1997,5,6,2.42
1997,5,7,2.18
1997,5,8,2.18
1997,5,9,2.19
1997,6,1,2.97
1997,6,10,2.71
1997,6,11,2.44
1997,6,12,2.04
1997,6,13,1.99
1997,6,14,1.98
1997,6,15,2.02
1997,6,16,1.97
1997,6,17,2.21
1997,6,18,2.31
1997,6,19,2.60
1997,6,2,2.90
1997,6,20,2.99
1997,6,21,3.23
1997,6,22,3.33
1997,6,23,3.54
1997,6,24,3.50
1997,6,25,3.57
1997,6,26,3.59
1997,6,27,3.27
1997,6,28,2.80
1997,6,29,2.91
1997,6,3,2.87
1997,6,30,2.90
1997,6,31,0.00
1997,6,4,2.84
1997,6,5,2.87
1997,6,6,2.73
1997,6,7,2.60
1997,6,8,2.49
1997,6,9,2.70
1997,7,1,2.87
1997,7,10,2.35
1997,7,11,2.27
1997,7,12,2.02
1997,7,13,2.04
1997,7,14,2.16
1997,7,15,2.31
1997,7,16,2.22
1997,7,17,2.16
1997,7,18,2.12
1997,7,19,2.13
1997,7,2,2.74
1997,7,20,2.23
1997,7,21,2.29
1997,7,22,1.95
1997,7,23,2.02
1997,7,24,2.11
1997,7,25,2.19
1997,7,26,2.30
1997,7,27,2.38
1997,7,28,2.38
1997,7,29,2.42
1997,7,3,2.59
1997,7,30,2.50
1997,7,31,2.57
1997,7,4,2.41
1997,7,5,2.76
1997,7,6,2.67
1997,7,7,2.49
1997,7,8,2.46
1997,7,9,2.45
1997,8,1,2.53
1997,8,10,2.25
1997,8,11,2.54
1997,8,12,2.56
1997,8,13,2.64
1997,8,14,2.67
1997,8,15,2.79
1997,8,16,2.66
1997,8,17,2.55
1997,8,18,2.54
1997,8,19,2.58
1997,8,2,2.41
1997,8,20,2.72
1997,8,21,2.76
1997,8,22,2.58
1997,8,23,2.86
1997,8,24,3.04
1997,8,25,2.97
1997,8,26,3.27
1997,8,27,3.13
1997,8,28,2.92
1997,8,29,3.02
1997,8,3,2.48
1997,8,30,3.05
1997,8,31,3.09
1997,8,4,2.25
1997,8,5,2.31
1997,8,6,2.26
1997,8,7,2.24
1997,8,8,2.02
1997,8,9,2.53
1997,9,1,3.59
1997,9,10,3.48
1997,9,11,3.63
1997,9,12,3.75
1997,9,13,3.70
1997,9,14,3.70
1997,9,15,4.16
1997,9,16,3.81
1997,9,17,4.08
1997,9,18,4.05
1997,9,19,3.95
1997,9,2,3.48
1997,9,20,4.21
1997,9,21,4.65
1997,9,22,4.26
1997,9,23,4.16
1997,9,24,4.23
1997,9,25,4.17
1997,9,26,4.11
1997,9,27,4.19
1997,9,28,3.91
1997,9,29,3.80
1997,9,3,3.47
1997,9,30,4.73
1997,9,31,0.00
1997,9,4,3.73
1997,9,5,3.83
1997,9,6,3.80
1997,9,7,3.61
1997,9,8,3.39
1997,9,9,3.49
1998,1,1,5.37
1998,1,10,4.04
1998,1,11,4.11
1998,1,12,4.24
1998,1,13,3.78
1998,1,14,4.02
1998,1,15,4.27
1998,1,16,4.46
1998,1,17,4.65
1998,1,18,4.80
1998,1,19,4.75
1998,1,2,5.39
1998,1,20,4.71
1998,1,21,4.49
1998,1,22,4.38
1998,1,23,4.20
1998,1,24,4.30
1998,1,25,4.51
1998,1,26,4.45
1998,1,27,4.31
1998,1,28,4.56
1998,1,29,4.72
1998,1,3,5.65
1998,1,30,4.87
1998,1,31,5.06
1998,1,4,4.80
1998,1,5,4.65
1998,1,6,4.52
1998,1,7,4.32
1998,1,8,3.94
1998,1,9,3.80
1998,10,1,7.52
1998,10,10,7.41
1998,10,11,7.60
1998,10,12,8.17
1998,10,13,7.99
1998,10,14,8.29
1998,10,15,8.15
1998,10,16,7.59
1998,10,17,7.00
1998,10,18,7.21
1998,10,19,7.06
1998,10,2,7.55
1998,10,20,6.89
1998,10,21,6.33
1998,10,22,5.70
1998,10,23,5.67
1998,10,24,5.96
1998,10,25,6.01
1998,10,26,5.94
1998,10,27,5.93
1998,10,28,5.98
1998,10,29,6.81
1998,10,3,7.58
1998,10,30,6.62
1998,10,31,6.72
1998,10,4,7.56
1998,10,5,7.54
1998,10,6,7.84
1998,10,7,7.77
1998,10,8,7.66
1998,10,9,7.97
1998,11,1,6.91
1998,11,10,7.58
1998,11,11,7.55
1998,11,12,7.41
1998,11,13,7.34
1998,11,14,7.17
1998,11,15,7.08
1998,11,16,6.87
1998,11,17,6.39
1998,11,18,5.91
1998,11,19,6.30
1998,11,2,7.01
1998,11,20,6.26
1998,11,21,6.60
1998,11,22,6.63
1998,11,23,7.17
1998,11,24,7.32
1998,11,25,8.00
1998,11,26,7.28
1998,11,27,7.84
1998,11,28,8.05
1998,11,29,8.03
1998,11,3,7.12
1998,11,30,7.97
1998,11,31,0.00
1998,11,4,7.47
1998,11,5,7.17
1998,11,6,6.98
1998,11,7,6.99
1998,11,8,7.06
1998,11,9,6.98
1998,12,1,8.60
1998,12,10,8.70
1998,12,11,8.58
1998,12,12,8.32
1998,12,13,8.17
1998,12,14,8.16
1998,12,15,8.19
1998,12,16,8.34
1998,12,17,8.15
1998,12,18,8.81
1998,12,19,8.38
1998,12,2,8.21
1998,12,20,8.42
1998,12,21,8.57
1998,12,22,8.31
1998,12,23,8.25
1998,12,24,8.90
1998,12,25,8.41
1998,12,26,8.76
1998,12,27,9.04
1998,12,28,9.29
1998,12,29,9.59
1998,12,3,7.92
1998,12,30,9.55
1998,12,31,9.30
1998,12,4,8.60
1998,12,5,8.64
1998,12,6,8.61
1998,12,7,8.73
1998,12,8,8.54
1998,12,9,8.49
1998,2,1,4.39
1998,2,10,4.18
1998,2,11,4.57
1998,2,12,4.99
1998,2,13,4.55
1998,2,14,4.56
1998,2,15,4.54
1998,2,16,4.67
1998,2,17,4.79
1998,2,18,5.22
1998,2,19,5.26
1998,2,2,4.48
1998,2,20,4.49
1998,2,21,4.56
1998,2,22,4.86
1998,2,23,5.02
1998,2,24,5.36
1998,2,25,4.77
1998,2,26,4.13
1998,2,27,3.77
1998,2,28,3.85
1998,2,29,0.00
1998,2,3,4.49
1998,2,30,0.00
1998,2,31,0.00
1998,2,4,4.37
1998,2,5,4.60
1998,2,6,4.92
1998,2,7,3.74
1998,2,8,3.92
1998,2,9,3.96
1998,3,1,4.28
1998,3,10,4.20
1998,3,11,4.40
1998,3,12,4.06
1998,3,13,4.35
1998,3,14,4.70
1998,3,15,4.89
1998,3,16,5.00
1998,3,17,5.31
1998,3,18,5.43
1998,3,19,5.13
1998,3,2,4.52
1998,3,20,5.43
1998,3,21,5.18
1998,3,22,4.95
1998,3,23,4.69
1998,3,24,4.69
1998,3,25,4.36
1998,3,26,4.35
1998,3,27,4.07
1998,3,28,3.95
1998,3,29,4.00
1998,3,3,4.39
1998,3,30,4.70
1998,3,31,3.88
1998,3,4,4.49
1998,3,5,4.48
1998,3,6,4.59
1998,3,7,4.68
1998,3,8,4.75
1998,3,9,4.13
1998,4,1,4.04
1998,4,10,6.21
1998,4,11,6.61
1998,4,12,6.77
1998,4,13,6.68
1998,4,14,6.48
1998,4,15,6.33
1998,4,16,6.38
1998,4,17,6.40
1998,4,18,6.17
1998,4,19,5.98
1998,4,2,4.19
1998,4,20,5.48
1998,4,21,5.66
1998,4,22,5.48
1998,4,23,5.09
1998,4,24,5.33
1998,4,25,5.49
1998,4,26,5.34
1998,4,27,5.11
1998,4,28,4.96
1998,4,29,4.90
1998,4,3,4.25
1998,4,30,5.07
1998,4,31,0.00
1998,4,4,4.69
1998,4,5,4.97
1998,4,6,5.04
1998,4,7,5.44
1998,4,8,5.70
1998,4,9,5.89
1998,5,1,5.08
1998,5,10,6.48
1998,5,11,6.81
1998,5,12,6.74
1998,5,13,6.63
1998,5,14,6.05
1998,5,15,6.60
1998,5,16,6.22
1998,5,17,5.98
1998,5,18,5.75
1998,5,19,5.65
1998,5,2,5.19
1998,5,20,5.67
1998,5,21,5.79
1998,5,22,5.72
1998,5,23,5.93
1998,5,24,5.95
1998,5,25,5.87
1998,5,26,5.86
1998,5,27,5.80
1998,5,28,5.60
1998,5,29,5.84
1998,5,3,5.16
1998,5,30,5.59
1998,5,31,5.31
1998,5,4,5.28
1998,5,5,5.59
1998,5,6,5.84
1998,5,7,6.12
1998,5,8,6.17
1998,5,9,6.54
1998,6,1,5.43
1998,6,10,7.01
1998,6,11,6.59
1998,6,12,6.84
1998,6,13,6.60
1998,6,14,6.43
1998,6,15,6.49
1998,6,16,6.29
1998,6,17,6.40
1998,6,18,6.34
1998,6,19,6.17
1998,6,2,6.09
1998,6,20,6.12
1998,6,21,6.23
1998,6,22,5.97
1998,6,23,5.86
1998,6,24,5.67
1998,6,25,5.50
1998,6,26,5.92
1998,6,27,6.08
1998,6,28,6.20
1998,6,29,6.31
1998,6,3,6.10
1998,6,30,6.56
1998,6,31,0.00
1998,6,4,6.55
1998,6,5,6.64
1998,6,6,7.10
1998,6,7,7.14
1998,6,8,8.06
1998,6,9,7.48
1998,7,1,7.07
1998,7,10,8.51
1998,7,11,7.59
1998,7,12,7.08
1998,7,13,7.17
1998,7,14,6.31
1998,7,15,5.74
1998,7,16,5.58
1998,7,17,5.26
1998,7,18,5.61
1998,7,19,5.81
1998,7,2,7.61
1998,7,20,5.56
1998,7,21,5.52
1998,7,22,5.95
1998,7,23,5.80
1998,7,24,5.74
1998,7,25,5.51
1998,7,26,5.43
1998,7,27,5.45
1998,7,28,5.49
1998,7,29,5.46
1998,7,3,7.86
1998,7,30,5.86
1998,7,31,5.95
1998,7,4,8.10
1998,7,5,8.25
1998,7,6,8.34
1998,7,7,8.72
1998,7,8,8.67
1998,7,9,8.55
1998,8,1,6.09
1998,8,10,8.38
1998,8,11,7.10
1998,8,12,7.61
1998,8,13,7.65
1998,8,14,7.83
1998,8,15,7.81
1998,8,16,8.19
1998,8,17,7.37
1998,8,18,7.68
1998,8,19,7.15
1998,8,2,6.22
1998,8,20,7.43
1998,8,21,7.05
1998,8,22,6.75
1998,8,23,6.36
1998,8,24,6.20
1998,8,25,6.24
1998,8,26,6.45
1998,8,27,6.56
1998,8,28,6.67
1998,8,29,6.80
1998,8,3,6.53
1998,8,30,7.01
1998,8,31,7.42
1998,8,4,7.28
1998,8,5,7.41
1998,8,6,7.58
1998,8,7,7.59
1998,8,8,7.68
1998,8,9,7.95
1998,9,1,7.90
1998,9,10,8.71
1998,9,11,8.72
1998,9,12,8.24
1998,9,13,8.14
1998,9,14,8.11
1998,9,15,7.97
1998,9,16,7.72
1998,9,17,7.43
1998,9,18,7.41
1998,9,19,7.19
1998,9,2,8.33
1998,9,20,7.03
1998,9,21,6.95
1998,9,22,6.85
1998,9,23,6.81
1998,9,24,7.50
1998,9,25,7.02
1998,9,26,7.10
1998,9,27,7.02
1998,9,28,7.17
1998,9,29,7.57
1998,9,3,8.64
1998,9,30,7.79
1998,9,31,0.00
1998,9,4,8.85
1998,9,5,9.23
1998,9,6,9.10
1998,9,7,9.06
1998,9,8,8.95
1998,9,9,8.89
1999,1,1,9.59
1999,1,10,8.51
1999,1,11,8.40
1999,1,12,8.27
1999,1,13,8.45
1999,1,14,8.40
1999,1,15,9.19
1999,1,16,9.05
1999,1,17,8.96
1999,1,18,8.83
1999,1,19,8.56
1999,1,2,9.48
1999,1,20,8.89
1999,1,21,9.29
1999,1,22,9.03
1999,1,23,9.67
1999,1,24,9.78
1999,1,25,9.76
1999,1,26,9.84
1999,1,27,9.72
1999,1,28,9.33
1999,1,29,9.18
1999,1,3,9.94
1999,1,30,8.67
1999,1,31,8.21
1999,1,4,9.85
1999,1,5,9.18
1999,1,6,9.02
1999,1,7,9.17
1999,1,8,8.37
1999,1,9,8.79
1999,10,1,8.06
1999,10,10,6.59
1999,10,11,6.45
1999,10,12,6.37
1999,10,13,6.34
1999,10,14,6.34
1999,10,15,6.34
1999,10,16,6.32
1999,10,17,6.30
1999,10,18,6.45
1999,10,19,6.63
1999,10,2,7.70
1999,10,20,6.78
1999,10,21,6.85
1999,10,22,6.98
1999,10,23,7.19
1999,10,24,7.39
1999,10,25,7.54
1999,10,26,7.62
1999,10,27,7.95
1999,10,28,8.23
1999,10,29,8.52
1999,10,3,7.58
1999,10,30,8.53
1999,10,31,8.54
1999,10,4,7.53
1999,10,5,7.50
1999,10,6,7.55
1999,10,7,7.41
1999,10,8,6.99
1999,10,9,6.73
1999,11,1,8.40
1999,11,10,8.01
1999,11,11,7.97
1999,11,12,7.97
1999,11,13,8.00
1999,11,14,7.98
1999,11,15,8.04
1999,11,16,8.26
1999,11,17,8.71
1999,11,18,9.06
1999,11,19,9.33
1999,11,2,8.42
1999,11,20,9.49
1999,11,21,9.55
1999,11,22,9.53
1999,11,23,9.48
1999,11,24,9.24
1999,11,25,9.04
1999,11,26,8.77
1999,11,27,8.46
1999,11,28,8.13
1999,11,29,8.16
1999,11,3,8.38
1999,11,30,8.17
1999,11,31,0.00
1999,11,4,8.37
1999,11,5,8.24
1999,11,6,8.18
1999,11,7,7.93
1999,11,8,8.06
1999,11,9,8.07
1999,12,1,8.28
1999,12,10,10.76
1999,12,11,11.35
1999,12,12,11.81
1999,12,13,12.30
1999,12,14,12.75
1999,12,15,12.69
1999,12,16,12.69
1999,12,17,12.71
1999,12,18,12.51
1999,12,19,12.27
1999,12,2,8.14
1999,12,20,11.75
1999,12,21,11.17
1999,12,22,10.68
1999,12,23,10.21
1999,12,24,9.57
1999,12,25,8.71
1999,12,26,7.74
1999,12,27,7.74
1999,12,28,7.66
1999,12,29,7.53
1999,12,3,8.08
1999,12,30,7.37
1999,12,31,6.40
1999,12,4,8.10
1999,12,5,8.36
1999,12,6,8.72
1999,12,7,9.26
1999,12,8,9.85
1999,12,9,10.34
1999,2,1,7.77
1999,2,10,7.96
1999,2,11,8.38
1999,2,12,8.73
1999,2,13,9.49
1999,2,14,9.83
1999,2,15,10.47
1999,2,16,10.79
1999,2,17,10.91
1999,2,18,10.93
1999,2,19,10.98
1999,2,2,7.42
1999,2,20,10.67
1999,2,21,10.39
1999,2,22,9.77
1999,2,23,9.54
1999,2,24,9.59
1999,2,25,9.59
1999,2,26,9.45
1999,2,27,9.05
1999,2,28,8.68
1999,2,29,0.00
1999,2,3,7.21
1999,2,30,0.00
1999,2,31,0.00
1999,2,4,7.08
1999,2,5,7.01
1999,2,6,7.00
1999,2,7,7.15
1999,2,8,7.20
1999,2,9,7.69
1999,3,1,9.14
1999,3,10,9.57
1999,3,11,9.32
1999,3,12,9.34
1999,3,13,9.65
1999,3,14,9.72
1999,3,15,10.02
1999,3,16,10.32
1999,3,17,9.35
1999,3,18,9.74
1999,3,19,10.43
1999,3,2,9.01
1999,3,20,10.03
1999,3,21,9.85
1999,3,22,9.53
1999,3,23,8.93
1999,3,24,8.88
1999,3,25,8.69
1999,3,26,8.67
1999,3,27,8.53
1999,3,28,8.21
1999,3,29,8.42
1999,3,3,8.71
1999,3,30,8.68
1999,3,31,8.63
1999,3,4,8.29
1999,3,5,7.97
1999,3,6,8.19
1999,3,7,8.59
1999,3,8,8.98
1999,3,9,9.27
1999,4,1,8.71
1999,4,10,10.81
1999,4,11,10.96
1999,4,12,11.04
1999,4,13,10.93
1999,4,14,10.95
1999,4,15,10.88
1999,4,16,11.10
1999,4,17,10.17
1999,4,18,9.69
1999,4,19,9.29
1999,4,2,7.99
1999,4,20,9.56
1999,4,21,8.34
1999,4,22,8.77
1999,4,23,8.31
1999,4,24,8.41
1999,4,25,8.66
1999,4,26,8.89
1999,4,27,8.73
1999,4,28,9.10
1999,4,29,9.47
1999,4,3,7.28
1999,4,30,9.65
1999,4,31,0.00
1999,4,4,8.81
1999,4,5,9.34
1999,4,6,9.26
1999,4,7,9.23
1999,4,8,9.34
1999,4,9,9.69
1999,5,1,10.06
1999,5,10,9.52
1999,5,11,9.14
1999,5,12,10.04
1999,5,13,8.95
1999,5,14,9.45
1999,5,15,8.43
1999,5,16,8.89
1999,5,17,8.53
1999,5,18,8.74
1999,5,19,7.74
1999,5,2,9.94
1999,5,20,7.76
1999,5,21,6.80
1999,5,22,7.85
1999,5,23,7.83
1999,5,24,7.76
1999,5,25,8.69
1999,5,26,8.64
1999,5,27,8.92
1999,5,28,9.47
1999,5,29,9.04
1999,5,3,9.91
1999,5,30,9.59
1999,5,31,9.39
1999,5,4,10.13
1999,5,5,10.28
1999,5,6,10.31
1999,5,7,10.39
1999,5,8,9.56
1999,5,9,9.18
1999,6,1,8.98
1999,6,10,10.15
1999,6,11,9.85
1999,6,12,7.92
1999,6,13,7.61
1999,6,14,7.29
1999,6,15,8.71
1999,6,16,7.82
1999,6,17,7.23
1999,6,18,6.49
1999,6,19,6.16
1999,6,2,9.60
1999,6,20,5.91
1999,6,21,5.82
1999,6,22,7.28
1999,6,23,7.13
1999,6,24,7.21
1999,6,25,7.38
1999,6,26,7.48
1999,6,27,7.43
1999,6,28,8.38
1999,6,29,8.75
1999,6,3,10.19
1999,6,30,9.19
1999,6,31,0.00
1999,6,4,9.48
1999,6,5,10.56
1999,6,6,10.03
1999,6,7,9.79
1999,6,8,9.67
1999,6,9,10.43
1999,7,1,9.30
1999,7,10,7.88
1999,7,11,7.98
1999,7,12,8.15
1999,7,13,8.27
1999,7,14,8.24
1999,7,15,8.06
1999,7,16,8.24
1999,7,17,8.82
1999,7,18,9.92
1999,7,19,9.11
1999,7,2,8.61
1999,7,20,8.79
1999,7,21,9.63
1999,7,22,10.66
1999,7,23,11.93
1999,7,24,12.14
1999,7,25,10.83
1999,7,26,10.77
1999,7,27,10.78
1999,7,28,11.21
1999,7,29,11.39
1999,7,3,8.34
1999,7,30,11.29
1999,7,31,8.71
1999,7,4,8.42
1999,7,5,8.69
1999,7,6,8.45
1999,7,7,8.22
1999,7,8,8.19
1999,7,9,7.62
1999,8,1,8.02
1999,8,10,8.90
1999,8,11,9.32
1999,8,12,9.75
1999,8,13,8.92
1999,8,14,9.86
1999,8,15,10.48
1999,8,16,10.36
1999,8,17,9.98
1999,8,18,9.48
1999,8,19,9.57
1999,8,2,8.08
1999,8,20,8.62
1999,8,21,9.28
1999,8,22,10.09
1999,8,23,10.54
1999,8,24,9.65
1999,8,25,9.97
1999,8,26,10.39
1999,8,27,11.80
1999,8,28,12.89
1999,8,29,10.94
1999,8,3,8.19
1999,8,30,11.40
1999,8,31,10.50
1999,8,4,8.08
1999,8,5,7.84
1999,8,6,7.30
1999,8,7,6.89
1999,8,8,7.61
1999,8,9,7.76
1999,9,1,11.15
1999,9,10,9.98
1999,9,11,10.15
1999,9,12,10.01
1999,9,13,10.07
1999,9,14,10.05
1999,9,15,10.05
1999,9,16,9.44
1999,9,17,8.90
1999,9,18,8.43
1999,9,19,8.22
1999,9,2,10.79
1999,9,20,7.93
1999,9,21,7.65
1999,9,22,7.31
1999,9,23,7.02
1999,9,24,6.96
1999,9,25,7.11
1999,9,26,7.06
1999,9,27,7.02
1999,9,28,7.00
1999,9,29,6.93
1999,9,3,10.50
1999,9,30,7.48
1999,9,31,0.00
1999,9,4,8.47
1999,9,5,9.00
1999,9,6,8.73
1999,9,7,8.92
1999,9,8,8.97
1999,9,9,10.12
2000,1,1,5.64
2000,1,10,8.61
2000,1,11,7.77
2000,1,12,8.22
2000,1,13,7.62
2000,1,14,8.11
2000,1,15,7.80
2000,1,16,7.90
2000,1,17,7.98
2000,1,18,8.41
2000,1,19,8.62
2000,1,2,6.73
2000,1,20,8.60
2000,1,21,8.15
2000,1,22,8.19
2000,1,23,8.64
2000,1,24,9.21
2000,1,25,9.47
2000,1,26,8.54
2000,1,27,7.62
2000,1,28,7.36
2000,1,29,7.74
2000,1,3,7.19
2000,1,30,7.36
2000,1,31,7.07
2000,1,4,7.83
2000,1,5,8.29
2000,1,6,8.54
2000,1,7,8.20
2000,1,8,9.31
2000,1,9,8.76
2000,10,1,11.14
2000,10,10,8.93
2000,10,11,8.67
2000,10,12,8.29
2000,10,13,8.42
2000,10,14,8.43
2000,10,15,7.52
2000,10,16,7.90
2000,10,17,8.10
2000,10,18,8.13
2000,10,19,8.35
2000,10,2,11.29
2000,10,20,8.07
2000,10,21,7.60
2000,10,22,9.55
2000,10,23,9.40
2000,10,24,9.65
2000,10,25,10.00
2000,10,26,10.17
2000,10,27,10.39
2000,10,28,11.69
2000,10,29,10.95
2000,10,3,11.07
2000,10,30,11.24
2000,10,31,11.48
2000,10,4,10.93
2000,10,5,10.81
2000,10,6,10.77
2000,10,7,10.57
2000,10,8,10.20
2000,10,9,9.35
2000,11,1,11.56
2000,11,10,10.07
2000,11,11,8.99
2000,11,12,9.20
2000,11,13,9.41
2000,11,14,9.26
2000,11,15,8.76
2000,11,16,8.50
2000,11,17,8.25
2000,11,18,8.37
2000,11,19,8.42
2000,11,2,11.14
2000,11,20,8.42
2000,11,21,8.30
2000,11,22,8.23
2000,11,23,8.22
2000,11,24,8.56
2000,11,25,8.88
2000,11,26,8.60
2000,11,27,8.48
2000,11,28,8.39
2000,11,29,8.21
2000,11,3,11.13
2000,11,30,8.90
2000,11,31,0.00
2000,11,4,10.92
2000,11,5,10.44
2000,11,6,10.55
2000,11,7,10.58
2000,11,8,9.98
2000,11,9,9.80
2000,12,1,8.64
2000,12,10,8.47
2000,12,11,8.87
2000,12,12,8.65
2000,12,13,8.77
2000,12,14,9.25
2000,12,15,9.72
2000,12,16,10.17
2000,12,17,10.51
2000,12,18,10.43
2000,12,19,10.50
2000,12,2,7.71
2000,12,20,10.79
2000,12,21,11.02
2000,12,22,11.36
2000,12,23,11.03
2000,12,24,10.78
2000,12,25,10.96
2000,12,26,11.07
2000,12,27,10.95
2000,12,28,10.63
2000,12,29,9.89
2000,12,3,8.19
2000,12,30,9.54
2000,12,31,9.39
2000,12,4,8.51
2000,12,5,8.46
2000,12,6,8.16
2000,12,7,8.52
2000,12,8,8.29
2000,12,9,8.39
2000,2,1,6.86
2000,2,10,10.38
2000,2,11,10.59
2000,2,12,11.25
2000,2,13,11.48
2000,2,14,11.86
2000,2,15,11.29
2000,2,16,10.99
2000,2,17,10.86
2000,2,18,12.07
2000,2,19,12.19
2000,2,2,7.30
2000,2,20,12.58
2000,2,21,13.05
2000,2,22,13.70
2000,2,23,13.94
2000,2,24,14.81
2000,2,25,14.31
2000,2,26,13.75
2000,2,27,12.92
2000,2,28,12.21
2000,2,29,11.35
2000,2,3,8.01
2000,2,30,0.00
2000,2,31,0.00
2000,2,4,8.61
2000,2,5,8.90
2000,2,6,9.27
2000,2,7,9.58
2000,2,8,10.23
2000,2,9,10.24
2000,3,1,11.01
2000,3,10,10.78
2000,3,11,10.39
2000,3,12,10.55
2000,3,13,10.93
2000,3,14,10.75
2000,3,15,10.26
2000,3,16,9.51
2000,3,17,9.72
2000,3,18,9.35
2000,3,19,9.43
2000,3,2,11.36
2000,3,20,8.91
2000,3,21,8.58
2000,3,22,8.77
2000,3,23,9.28
2000,3,24,9.41
2000,3,25,9.71
2000,3,26,10.44
2000,3,27,10.23
2000,3,28,10.66
2000,3,29,10.95
2000,3,3,11.40
2000,3,30,11.78
2000,3,31,11.46
2000,3,4,11.13
2000,3,5,11.62
2000,3,6,11.35
2000,3,7,11.42
2000,3,8,11.29
2000,3,9,11.13
2000,4,1,11.52
2000,4,10,14.30
2000,4,11,14.56
2000,4,12,14.47
2000,4,13,14.51
2000,4,14,14.83
2000,4,15,13.97
2000,4,16,12.72
2000,4,17,12.51
2000,4,18,11.76
2000,4,19,12.12
2000,4,2,11.23
2000,4,20,11.85
2000,4,21,11.94
2000,4,22,10.51
2000,4,23,10.01
2000,4,24,10.05
2000,4,25,9.46
2000,4,26,10.05
2000,4,27,11.36
2000,4,28,9.94
2000,4,29,10.69
2000,4,3,11.00
2000,4,30,10.30
2000,4,31,0.00
2000,4,4,10.94
2000,4,5,10.87
2000,4,6,11.16
2000,4,7,11.90
2000,4,8,12.97
2000,4,9,13.69
2000,5,1,10.07
2000,5,10,12.08
2000,5,11,11.98
2000,5,12,12.14
2000,5,13,11.74
2000,5,14,11.03
2000,5,15,12.20
2000,5,16,10.46
2000,5,17,11.24
2000,5,18,11.10
2000,5,19,9.61
2000,5,2,10.75
2000,5,20,9.77
2000,5,21,9.90
2000,5,22,9.04
2000,5,23,9.96
2000,5,24,9.63
2000,5,25,8.74
2000,5,26,9.31
2000,5,27,9.66
2000,5,28,9.70
2000,5,29,9.78
2000,5,3,11.38
2000,5,30,8.05
2000,5,31,7.69
2000,5,4,10.52
2000,5,5,10.93
2000,5,6,11.04
2000,5,7,12.58
2000,5,8,11.10
2000,5,9,12.43
2000,6,1,8.10
2000,6,10,10.15
2000,6,11,9.88
2000,6,12,10.36
2000,6,13,11.60
2000,6,14,11.81
2000,6,15,10.36
2000,6,16,10.49
2000,6,17,9.75
2000,6,18,9.83
2000,6,19,10.01
2000,6,2,8.31
2000,6,20,10.29
2000,6,21,9.23
2000,6,22,10.02
2000,6,23,10.21
2000,6,24,10.07
2000,6,25,9.43
2000,6,26,8.78
2000,6,27,8.30
2000,6,28,8.35
2000,6,29,8.15
2000,6,3,7.90
2000,6,30,7.87
2000,6,31,0.00
2000,6,4,7.77
2000,6,5,7.90
2000,6,6,8.34
2000,6,7,9.57
2000,6,8,10.14
2000,6,9,9.87
2000,7,1,7.61
2000,7,10,9.08
2000,7,11,9.82
2000,7,12,9.49
2000,7,13,9.57
2000,7,14,9.32
2000,7,15,8.89
2000,7,16,8.61
2000,7,17,8.90
2000,7,18,9.80
2000,7,19,8.58
2000,7,2,7.52
2000,7,20,8.24
2000,7,21,8.33
2000,7,22,8.45
2000,7,23,8.60
2000,7,24,8.77
2000,7,25,8.38
2000,7,26,8.31
2000,7,27,8.69
2000,7,28,8.83
2000,7,29,8.96
2000,7,3,7.48
2000,7,30,8.88
2000,7,31,8.81
2000,7,4,8.06
2000,7,5,8.54
2000,7,6,8.42
2000,7,7,8.88
2000,7,8,9.19
2000,7,9,9.21
2000,8,1,9.25
2000,8,10,9.35
2000,8,11,9.80
2000,8,12,9.70
2000,8,13,9.36
2000,8,14,8.74
2000,8,15,9.13
2000,8,16,8.14
2000,8,17,7.51
2000,8,18,7.93
2000,8,19,7.93
2000,8,2,9.01
2000,8,20,7.27
2000,8,21,7.30
2000,8,22,7.69
2000,8,23,7.15
2000,8,24,8.21
2000,8,25,7.33
2000,8,26,6.40
2000,8,27,6.94
2000,8,28,7.86
2000,8,29,8.06
2000,8,3,8.72
2000,8,30,8.42
2000,8,31,8.67
2000,8,4,8.42
2000,8,5,8.42
2000,8,6,9.06
2000,8,7,9.63
2000,8,8,9.07
2000,8,9,9.35
2000,9,1,8.51
2000,9,10,11.14
2000,9,11,9.23
2000,9,12,9.04
2000,9,13,9.93
2000,9,14,9.88
2000,9,15,10.35
2000,9,16,10.12
2000,9,17,9.75
2000,9,18,9.30
2000,9,19,10.27
2000,9,2,8.93
2000,9,20,9.10
2000,9,21,9.28
2000,9,22,8.69
2000,9,23,9.15
2000,9,24,9.24
2000,9,25,10.18
2000,9,26,10.30
2000,9,27,10.52
2000,9,28,10.60
2000,9,29,11.21
2000,9,3,9.91
2000,9,30,10.76
2000,9,31,0.00
2000,9,4,11.04
2000,9,5,10.54
2000,9,6,11.21
2000,9,7,10.61
2000,9,8,9.90
2000,9,9,11.04
2001,1,1,9.53
2001,1,10,9.69
2001,1,11,9.38
2001,1,12,9.26
2001,1,13,9.21
2001,1,14,8.52
2001,1,15,9.41
2001,1,16,10.29
2001,1,17,9.54
2001,1,18,9.16
2001,1,19,9.96
2001,1,2,9.49
2001,1,20,10.30
2001,1,21,10.59
2001,1,22,10.37
2001,1,23,10.13
2001,1,24,10.02
2001,1,25,9.79
2001,1,26,9.49
2001,1,27,9.74
2001,1,28,9.81
2001,1,29,9.98
2001,1,3,9.51
2001,1,30,9.99
2001,1,31,9.80
2001,1,4,8.75
2001,1,5,8.88
2001,1,6,9.64
2001,1,7,10.08
2001,1,8,9.57
2001,1,9,9.45
2001,10,1,13.88
2001,10,10,12.25
2001,10,11,11.48
2001,10,12,11.33
2001,10,13,11.26
2001,10,14,12.35
2001,10,15,12.61
2001,10,16,12.47
2001,10,17,11.65
2001,10,18,12.10
2001,10,19,12.66
2001,10,2,12.30
2001,10,20,13.13
2001,10,21,13.27
2001,10,22,13.33
2001,10,23,13.16
2001,10,24,13.05
2001,10,25,14.02
2001,10,26,13.22
2001,10,27,13.36
2001,10,28,13.38
2001,10,29,13.17
2001,10,3,12.24
2001,10,30,12.98
2001,10,31,13.43
2001,10,4,12.46
2001,10,5,12.44
2001,10,6,11.72
2001,10,7,10.80
2001,10,8,10.06
2001,10,9,12.08
2001,11,1,12.78
2001,11,10,13.10
2001,11,11,13.62
2001,11,12,12.87
2001,11,13,12.75
2001,11,14,12.81
2001,11,15,13.50
2001,11,16,12.90
2001,11,17,12.33
2001,11,18,11.48
2001,11,19,11.17
2001,11,2,13.19
2001,11,20,10.98
2001,11,21,10.99
2001,11,22,10.30
2001,11,23,10.19
2001,11,24,10.20
2001,11,25,10.02
2001,11,26,10.75
2001,11,27,10.51
2001,11,28,10.88
2001,11,29,11.30
2001,11,3,14.48
2001,11,30,11.71
2001,11,31,0.00
2001,11,4,14.07
2001,11,5,13.83
2001,11,6,13.79
2001,11,7,12.67
2001,11,8,12.66
2001,11,9,13.04
2001,12,1,12.05
2001,12,10,13.28
2001,12,11,12.80
2001,12,12,12.90
2001,12,13,13.89
2001,12,14,13.46
2001,12,15,12.23
2001,12,16,11.73
2001,12,17,11.51
2001,12,18,11.41
2001,12,19,11.18
2001,12,2,13.57
2001,12,20,10.88
2001,12,21,10.18
2001,12,22,10.20
2001,12,23,10.50
2001,12,24,11.06
2001,12,25,11.66
2001,12,26,12.33
2001,12,27,12.77
2001,12,28,13.02
2001,12,29,13.60
2001,12,3,10.70
2001,12,30,13.78
2001,12,31,13.70
2001,12,4,12.23
2001,12,5,11.64
2001,12,6,11.54
2001,12,7,12.21
2001,12,8,12.89
2001,12,9,11.76
2001,2,1,10.45
2001,2,10,9.97
2001,2,11,10.20
2001,2,12,10.35
2001,2,13,11.10
2001,2,14,11.78
2001,2,15,11.27
2001,2,16,10.48
2001,2,17,10.19
2001,2,18,9.84
2001,2,19,9.54
2001,2,2,10.63
2001,2,20,8.95
2001,2,21,8.00
2001,2,22,7.68
2001,2,23,7.74
2001,2,24,8.05
2001,2,25,8.38
2001,2,26,8.74
2001,2,27,9.16
2001,2,28,10.29
2001,2,29,0.00
2001,2,3,10.50
2001,2,30,0.00
2001,2,31,0.00
2001,2,4,9.99
2001,2,5,9.65
2001,2,6,9.42
2001,2,7,9.71
2001,2,8,9.82
2001,2,9,9.89
2001,3,1,11.30
2001,3,10,9.15
2001,3,11,9.25
2001,3,12,9.35
2001,3,13,9.15
2001,3,14,9.16
2001,3,15,8.67
2001,3,16,8.78
2001,3,17,8.92
2001,3,18,9.05
2001,3,19,8.64
2001,3,2,11.90
2001,3,20,8.88
2001,3,21,8.50
2001,3,22,8.40
2001,3,23,8.16
2001,3,24,7.97
2001,3,25,7.98
2001,3,26,8.10
2001,3,27,8.21
2001,3,28,8.41
2001,3,29,8.73
2001,3,3,11.77
2001,3,30,8.93
2001,3,31,9.61
2001,3,4,11.44
2001,3,5,11.23
2001,3,6,11.12
2001,3,7,11.04
2001,3,8,10.42
2001,3,9,9.65
2001,4,1,9.74
2001,4,10,8.77
2001,4,11,8.67
2001,4,12,8.29
2001,4,13,8.44
2001,4,14,9.26
2001,4,15,9.29
2001,4,16,8.81
2001,4,17,8.74
2001,4,18,8.82
2001,4,19,9.19
2001,4,2,9.97
2001,4,20,9.22
2001,4,21,8.94
2001,4,22,9.70
2001,4,23,9.76
2001,4,24,9.80
2001,4,25,9.84
2001,4,26,9.59
2001,4,27,9.35
2001,4,28,9.53
2001,4,29,9.41
2001,4,3,10.00
2001,4,30,9.24
2001,4,31,0.00
2001,4,4,9.88
2001,4,5,9.51
2001,4,6,9.11
2001,4,7,8.75
2001,4,8,8.94
2001,4,9,9.01
2001,5,1,9.14
2001,5,10,7.71
2001,5,11,7.93
2001,5,12,8.02
2001,5,13,8.00
2001,5,14,7.87
2001,5,15,8.23
2001,5,16,8.13
2001,5,17,7.95
2001,5,18,8.42
2001,5,19,8.91
2001,5,2,8.91
2001,5,20,9.15
2001,5,21,10.72
2001,5,22,10.77
2001,5,23,9.60
2001,5,24,11.10
2001,5,25,11.91
2001,5,26,11.58
2001,5,27,11.56
2001,5,28,10.92
2001,5,29,10.35
2001,5,3,8.50
2001,5,30,10.63
2001,5,31,10.87
2001,5,4,8.46
2001,5,5,8.10
2001,5,6,7.83
2001,5,7,7.66
2001,5,8,7.66
2001,5,9,7.51
2001,6,1,10.20
2001,6,10,11.39
2001,6,11,11.20
2001,6,12,11.55
2001,6,13,11.93
2001,6,14,12.17
2001,6,15,11.08
2001,6,16,11.44
2001,6,17,10.58
2001,6,18,10.06
2001,6,19,10.15
2001,6,2,9.93
2001,6,20,9.87
2001,6,21,9.21
2001,6,22,8.86
2001,6,23,8.72
2001,6,24,8.49
2001,6,25,8.16
2001,6,26,8.02
2001,6,27,8.14
2001,6,28,8.53
2001,6,29,9.14
2001,6,3,9.93
2001,6,30,9.45
2001,6,31,0.00
2001,6,4,10.05
2001,6,5,9.68
2001,6,6,10.45
2001,6,7,10.74
2001,6,8,11.18
2001,6,9,11.00
2001,7,1,9.56
2001,7,10,10.30
2001,7,11,9.93
2001,7,12,9.85
2001,7,13,9.38
2001,7,14,9.55
2001,7,15,9.97
2001,7,16,9.81
2001,7,17,9.79
2001,7,18,9.96
2001,7,19,10.25
2001,7,2,9.46
2001,7,20,10.75
2001,7,21,10.89
2001,7,22,11.17
2001,7,23,11.40
2001,7,24,11.25
2001,7,25,11.06
2001,7,26,10.81
2001,7,27,10.63
2001,7,28,10.63
2001,7,29,10.50
2001,7,3,10.37
2001,7,30,10.21
2001,7,31,9.87
2001,7,4,10.62
2001,7,5,10.54
2001,7,6,9.76
2001,7,7,8.93
2001,7,8,8.14
2001,7,9,10.57
2001,8,1,9.71
2001,8,10,9.80
2001,8,11,9.38
2001,8,12,9.18
2001,8,13,9.37
2001,8,14,8.98
2001,8,15,9.30
2001,8,16,9.64
2001,8,17,9.25
2001,8,18,10.24
2001,8,19,10.89
2001,8,2,9.66
2001,8,20,11.07
2001,8,21,10.26
2001,8,22,10.46
2001,8,23,10.39
2001,8,24,12.68
2001,8,25,11.55
2001,8,26,10.73
2001,8,27,10.04
2001,8,28,10.40
2001,8,29,10.42
2001,8,3,9.72
2001,8,30,11.95
2001,8,31,9.94
2001,8,4,9.77
2001,8,5,9.83
2001,8,6,9.90
2001,8,7,10.03
2001,8,8,9.93
2001,8,9,9.87
2001,9,1,9.79
2001,9,10,10.92
2001,9,11,11.01
2001,9,12,11.19
2001,9,13,11.01
2001,9,14,10.59
2001,9,15,10.57
2001,9,16,10.95
2001,9,17,11.24
2001,9,18,11.18
2001,9,19,11.27
2001,9,2,10.36
2001,9,20,11.10
2001,9,21,12.28
2001,9,22,12.56
2001,9,23,13.31
2001,9,24,13.72
2001,9,25,15.03
2001,9,26,13.75
2001,9,27,14.25
2001,9,28,14.01
2001,9,29,15.54
2001,9,3,10.44
2001,9,30,14.73
2001,9,31,0.00
2001,9,4,10.73
2001,9,5,11.07
2001,9,6,10.46
2001,9,7,11.26
2001,9,8,11.30
2001,9,9,11.04
2002,1,1,13.81
2002,1,10,13.28
2002,1,11,12.42
2002,1,12,11.48
2002,1,13,11.14
2002,1,14,12.63
2002,1,15,12.57
2002,1,16,12.50
2002,1,17,12.06
2002,1,18,11.90
2002,1,19,12.66
2002,1,2,13.97
2002,1,20,13.45
2002,1,21,13.18
2002,1,22,12.67
2002,1,23,12.79
2002,1,24,12.68
2002,1,25,12.50
2002,1,26,12.47
2002,1,27,12.32
2002,1,28,11.71
2002,1,29,11.22
2002,1,3,14.70
2002,1,30,11.21
2002,1,31,11.34
2002,1,4,15.29
2002,1,5,14.49
2002,1,6,14.11
2002,1,7,13.94
2002,1,8,14.04
2002,1,9,13.88
2002,10,1,8.25
2002,10,10,8.51
2002,10,11,8.32
2002,10,12,8.34
2002,10,13,7.98
2002,10,14,8.12
2002,10,15,8.14
2002,10,16,8.11
2002,10,17,8.14
2002,10,18,8.18
2002,10,19,8.21
2002,10,2,7.77
2002,10,20,8.51
2002,10,21,8.69
2002,10,22,8.89
2002,10,23,9.08
2002,10,24,9.05
2002,10,25,8.84
2002,10,26,8.94
2002,10,27,9.03
2002,10,28,9.14
2002,10,29,9.26
2002,10,3,8.33
2002,10,30,9.27
2002,10,31,8.86
2002,10,4,8.65
2002,10,5,8.59
2002,10,6,9.19
2002,10,7,8.72
2002,10,8,8.96
2002,10,9,9.32
2002,11,1,9.12
2002,11,10,9.33
2002,11,11,9.10
2002,11,12,8.86
2002,11,13,8.75
2002,11,14,8.92
2002,11,15,8.75
2002,11,16,8.78
2002,11,17,9.02
2002,11,18,9.12
2002,11,19,9.32
2002,11,2,9.37
2002,11,20,9.12
2002,11,21,9.25
2002,11,22,9.36
2002,11,23,9.81
2002,11,24,10.04
2002,11,25,9.82
2002,11,26,9.85
2002,11,27,9.76
2002,11,28,10.05
2002,11,29,9.79
2002,11,3,9.69
2002,11,30,9.56
2002,11,31,0.00
2002,11,4,9.69
2002,11,5,9.61
2002,11,6,9.16
2002,11,7,9.42
2002,11,8,9.50
2002,11,9,9.51
2002,12,1,9.22
2002,12,10,9.12
2002,12,11,9.42
2002,12,12,9.41
2002,12,13,9.38
2002,12,14,9.32
2002,12,15,9.42
2002,12,16,9.27
2002,12,17,9.07
2002,12,18,8.81
2002,12,19,8.67
2002,12,2,9.09
2002,12,20,8.38
2002,12,21,8.53
2002,12,22,8.81
2002,12,23,9.01
2002,12,24,9.11
2002,12,25,9.12
2002,12,26,8.42
2002,12,27,8.46
2002,12,28,8.37
2002,12,29,8.10
2002,12,3,9.10
2002,12,30,8.08
2002,12,31,8.13
2002,12,4,9.21
2002,12,5,8.75
2002,12,6,8.82
2002,12,7,8.92
2002,12,8,8.96
2002,12,9,9.00
2002,2,1,11.55
2002,2,10,12.69
2002,2,11,11.02
2002,2,12,11.57
2002,2,13,10.72
2002,2,14,10.07
2002,2,15,11.00
2002,2,16,11.69
2002,2,17,11.54
2002,2,18,12.59
2002,2,19,12.54
2002,2,2,12.21
2002,2,20,12.66
2002,2,21,12.67
2002,2,22,12.53
2002,2,23,12.03
2002,2,24,11.56
2002,2,25,10.95
2002,2,26,10.80
2002,2,27,9.99
2002,2,28,9.85
2002,2,29,0.00
2002,2,3,13.00
2002,2,30,0.00
2002,2,31,0.00
2002,2,4,13.93
2002,2,5,13.10
2002,2,6,13.85
2002,2,7,13.87
2002,2,8,13.43
2002,2,9,12.97
2002,3,1,9.79
2002,3,10,11.91
2002,3,11,11.64
2002,3,12,11.96
2002,3,13,12.27
2002,3,14,12.12
2002,3,15,12.04
2002,3,16,11.60
2002,3,17,11.36
2002,3,18,11.29
2002,3,19,11.63
2002,3,2,10.22
2002,3,20,11.72
2002,3,21,11.68
2002,3,22,11.37
2002,3,23,11.40
2002,3,24,11.45
2002,3,25,11.55
2002,3,26,11.58
2002,3,27,11.44
2002,3,28,11.35
2002,3,29,11.10
2002,3,3,10.61
2002,3,30,10.95
2002,3,31,10.81
2002,3,4,10.72
2002,3,5,9.89
2002,3,6,11.13
2002,3,7,11.42
2002,3,8,11.73
2002,3,9,12.09
2002,4,1,10.69
2002,4,10,10.71
2002,4,11,10.53
2002,4,12,10.32
2002,4,13,10.08
2002,4,14,10.38
2002,4,15,10.68
2002,4,16,9.90
2002,4,17,9.21
2002,4,18,9.09
2002,4,19,9.06
2002,4,2,10.17
2002,4,20,9.19
2002,4,21,9.25
2002,4,22,9.18
2002,4,23,9.34
2002,4,24,9.64
2002,4,25,9.87
2002,4,26,10.02
2002,4,27,10.43
2002,4,28,10.67
2002,4,29,11.19
2002,4,3,10.41
2002,4,30,11.95
2002,4,31,0.00
2002,4,4,10.28
2002,4,5,10.40
2002,4,6,10.43
2002,4,7,10.32
2002,4,8,10.30
2002,4,9,10.87
2002,5,1,11.91
2002,5,10,10.35
2002,5,11,9.65
2002,5,12,9.23
2002,5,13,9.26
2002,5,14,9.25
2002,5,15,9.43
2002,5,16,9.54
2002,5,17,8.60
2002,5,18,8.42
2002,5,19,8.50
2002,5,2,11.87
2002,5,20,8.25
2002,5,21,8.40
2002,5,22,8.44
2002,5,23,8.39
2002,5,24,9.10
2002,5,25,9.41
2002,5,26,9.71
2002,5,27,10.02
2002,5,28,10.68
2002,5,29,10.74
2002,5,3,12.48
2002,5,30,11.13
2002,5,31,11.28
2002,5,4,12.27
2002,5,5,12.18
2002,5,6,11.89
2002,5,7,10.27
2002,5,8,10.17
2002,5,9,9.95
2002,6,1,11.34
2002,6,10,9.55
2002,6,11,10.30
2002,6,12,10.29
2002,6,13,9.59
2002,6,14,8.57
2002,6,15,8.42
2002,6,16,10.14
2002,6,17,10.17
2002,6,18,9.19
2002,6,19,8.99
2002,6,2,11.46
2002,6,20,9.59
2002,6,21,10.17
2002,6,22,10.33
2002,6,23,8.65
2002,6,24,9.21
2002,6,25,9.84
2002,6,26,9.97
2002,6,27,10.07
2002,6,28,10.23
2002,6,29,10.50
2002,6,3,11.67
2002,6,30,10.53
2002,6,31,0.00
2002,6,4,10.80
2002,6,5,10.98
2002,6,6,11.52
2002,6,7,11.72
2002,6,8,11.36
2002,6,9,10.57
2002,7,1,10.45
2002,7,10,7.67
2002,7,11,7.11
2002,7,12,6.40
2002,7,13,6.70
2002,7,14,7.00
2002,7,15,7.36
2002,7,16,7.68
2002,7,17,8.07
2002,7,18,8.46
2002,7,19,8.86
2002,7,2,9.32
2002,7,20,9.25
2002,7,21,9.75
2002,7,22,10.26
2002,7,23,10.63
2002,7,24,11.09
2002,7,25,11.58
2002,7,26,11.78
2002,7,27,11.66
2002,7,28,11.14
2002,7,29,11.19
2002,7,3,9.85
2002,7,30,11.74
2002,7,31,11.82
2002,7,4,10.29
2002,7,5,10.30
2002,7,6,9.62
2002,7,7,9.09
2002,7,8,8.51
2002,7,9,8.14
2002,8,1,11.15
2002,8,10,9.83
2002,8,11,10.02
2002,8,12,9.86
2002,8,13,9.95
2002,8,14,9.94
2002,8,15,9.79
2002,8,16,10.39
2002,8,17,10.98
2002,8,18,10.54
2002,8,19,10.70
2002,8,2,10.81
2002,8,20,11.10
2002,8,21,11.12
2002,8,22,10.90
2002,8,23,10.81
2002,8,24,9.80
2002,8,25,9.91
2002,8,26,8.86
2002,8,27,9.31
2002,8,28,9.43
2002,8,29,9.38
2002,8,3,10.47
2002,8,30,9.38
2002,8,31,9.28
2002,8,4,10.27
2002,8,5,10.91
2002,8,6,10.02
2002,8,7,9.89
2002,8,8,10.26
2002,8,9,9.76
2002,9,1,9.05
2002,9,10,9.16
2002,9,11,9.09
2002,9,12,8.72
2002,9,13,8.77
2002,9,14,9.41
2002,9,15,8.98
2002,9,16,8.96
2002,9,17,8.52
2002,9,18,8.32
2002,9,19,8.44
2002,9,2,9.01
2002,9,20,8.74
2002,9,21,8.73
2002,9,22,8.66
2002,9,23,8.36
2002,9,24,8.42
2002,9,25,8.84
2002,9,26,9.07
2002,9,27,9.02
2002,9,28,8.52
2002,9,29,8.08
2002,9,3,8.90
2002,9,30,8.05
2002,9,31,0.00
2002,9,4,8.42
2002,9,5,8.29
2002,9,6,8.62
2002,9,7,8.30
2002,9,8,8.84
2002,9,9,9.20
2003,1,1,7.78
2003,1,10,7.23
2003,1,11,8.07
2003,1,12,8.12
2003,1,13,6.91
2003,1,14,6.98
2003,1,15,7.28
2003,1,16,7.59
2003,1,17,7.86
2003,1,18,8.33
2003,1,19,8.82
2003,1,2,7.36
2003,1,20,8.69
2003,1,21,8.93
2003,1,22,8.47
2003,1,23,8.14
2003,1,24,7.67
2003,1,25,7.62
2003,1,26,7.45
2003,1,27,7.38
2003,1,28,7.21
2003,1,29,7.64
2003,1,3,7.16
2003,1,30,8.06
2003,1,31,8.53
2003,1,4,7.05
2003,1,5,7.44
2003,1,6,7.98
2003,1,7,7.19
2003,1,8,7.12
2003,1,9,7.16
2003,10,1,7.32
2003,10,10,6.19
2003,10,11,5.91
2003,10,12,5.66
2003,10,13,5.47
2003,10,14,5.60
2003,10,15,5.54
2003,10,16,5.37
2003,10,17,5.14
2003,10,18,5.08
2003,10,19,5.15
2003,10,2,7.25
2003,10,20,5.31
2003,10,21,5.41
2003,10,22,5.43
2003,10,23,5.53
2003,10,24,5.83
2003,10,25,6.01
2003,10,26,6.20
2003,10,27,6.34
2003,10,28,6.44
2003,10,29,6.96
2003,10,3,7.26
2003,10,30,6.72
2003,10,31,6.34
2003,10,4,7.20
2003,10,5,7.08
2003,10,6,6.91
2003,10,7,6.75
2003,10,8,6.66
2003,10,9,6.42
2003,11,1,6.34
2003,11,10,5.66
2003,11,11,5.05
2003,11,12,5.13
2003,11,13,5.87
2003,11,14,5.65
2003,11,15,5.63
2003,11,16,4.92
2003,11,17,5.07
2003,11,18,5.19
2003,11,19,5.67
2003,11,2,7.01
2003,11,20,5.58
2003,11,21,5.70
2003,11,22,5.73
2003,11,23,5.84
2003,11,24,6.11
2003,11,25,6.79
2003,11,26,6.63
2003,11,27,6.58
2003,11,28,6.66
2003,11,29,6.61
2003,11,3,7.24
2003,11,30,6.86
2003,11,31,0.00
2003,11,4,7.29
2003,11,5,6.30
2003,11,6,5.85
2003,11,7,5.88
2003,11,8,7.08
2003,11,9,6.47
2003,12,1,6.92
2003,12,10,4.47
2003,12,11,4.34
2003,12,12,4.36
2003,12,13,4.35
2003,12,14,4.44
2003,12,15,4.48
2003,12,16,4.97
2003,12,17,6.43
2003,12,18,6.16
2003,12,19,6.18
2003,12,2,6.35
2003,12,20,6.62
2003,12,21,6.83
2003,12,22,7.19
2003,12,23,7.36
2003,12,24,6.80
2003,12,25,6.89
2003,12,26,7.27
2003,12,27,7.22
2003,12,28,7.18
2003,12,29,6.99
2003,12,3,5.49
2003,12,30,6.93
2003,12,31,6.58
2003,12,4,5.55
2003,12,5,5.13
2003,12,6,4.90
2003,12,7,5.07
2003,12,8,5.05
2003,12,9,4.07
2003,2,1,8.81
2003,2,10,8.81
2003,2,11,9.24
2003,2,12,9.11
2003,2,13,10.10
2003,2,14,9.93
2003,2,15,9.76
2003,2,16,9.09
2003,2,17,8.50
2003,2,18,6.22
2003,2,19,6.13
2003,2,2,8.97
2003,2,20,5.67
2003,2,21,5.13
2003,2,22,4.20
2003,2,23,4.28
2003,2,24,4.19
2003,2,25,4.48
2003,2,26,5.11
2003,2,27,5.54
2003,2,28,6.51
2003,2,29,0.00
2003,2,3,8.74
2003,2,30,0.00
2003,2,31,0.00
2003,2,4,8.56
2003,2,5,8.24
2003,2,6,7.95
2003,2,7,8.24
2003,2,8,8.39
2003,2,9,8.53
2003,3,1,6.84
2003,3,10,8.07
2003,3,11,7.87
2003,3,12,7.46
2003,3,13,6.89
2003,3,14,6.63
2003,3,15,6.21
2003,3,16,5.79
2003,3,17,5.37
2003,3,18,4.95
2003,3,19,4.61
2003,3,2,7.29
2003,3,20,4.51
2003,3,21,4.55
2003,3,22,4.75
2003,3,23,4.80
2003,3,24,4.75
2003,3,25,4.93
2003,3,26,6.08
2003,3,27,6.52
2003,3,28,6.72
2003,3,29,6.79
2003,3,3,7.61
2003,3,30,6.48
2003,3,31,6.68
2003,3,4,7.96
2003,3,5,8.64
2003,3,6,8.73
2003,3,7,8.09
2003,3,8,8.66
2003,3,9,8.36
2003,4,1,8.32
2003,4,10,4.93
2003,4,11,4.72
2003,4,12,4.45
2003,4,13,4.47
2003,4,14,4.25
2003,4,15,3.81
2003,4,16,4.05
2003,4,17,4.00
2003,4,18,4.27
2003,4,19,4.70
2003,4,2,8.02
2003,4,20,5.23
2003,4,21,5.94
2003,4,22,6.32
2003,4,23,6.84
2003,4,24,6.93
2003,4,25,6.83
2003,4,26,6.75
2003,4,27,6.45
2003,4,28,5.83
2003,4,29,5.11
2003,4,3,7.28
2003,4,30,4.53
2003,4,31,0.00
2003,4,4,6.99
2003,4,5,6.61
2003,4,6,6.41
2003,4,7,6.42
2003,4,8,6.19
2003,4,9,5.15
2003,5,1,4.33
2003,5,10,5.37
2003,5,11,5.50
2003,5,12,5.67
2003,5,13,5.26
2003,5,14,5.43
2003,5,15,5.45
2003,5,16,5.41
2003,5,17,5.97
2003,5,18,6.10
2003,5,19,6.59
2003,5,2,4.52
2003,5,20,6.81
2003,5,21,6.89
2003,5,22,7.09
2003,5,23,7.99
2003,5,24,7.49
2003,5,25,7.54
2003,5,26,7.39
2003,5,27,7.13
2003,5,28,6.98
2003,5,29,7.45
2003,5,3,4.44
2003,5,30,6.98
2003,5,31,6.38
2003,5,4,4.49
2003,5,5,4.28
2003,5,6,4.80
2003,5,7,5.42
2003,5,8,6.00
2003,5,9,5.60
2003,6,1,5.91
2003,6,10,5.58
2003,6,11,5.90
2003,6,12,5.51
2003,6,13,6.07
2003,6,14,5.68
2003,6,15,5.29
2003,6,16,5.89
2003,6,17,5.92
2003,6,18,6.37
2003,6,19,6.11
2003,6,2,5.50
2003,6,20,5.66
2003,6,21,5.52
2003,6,22,5.60
2003,6,23,6.01
2003,6,24,5.85
2003,6,25,5.15
2003,6,26,5.14
2003,6,27,5.28
2003,6,28,5.54
2003,6,29,5.94
2003,6,3,5.99
2003,6,30,6.06
2003,6,31,0.00
2003,6,4,5.69
2003,6,5,6.24
2003,6,6,5.47
2003,6,7,5.62
2003,6,8,5.63
2003,6,9,6.16
2003,7,1,5.87
2003,7,10,7.04
2003,7,11,6.88
2003,7,12,6.34
2003,7,13,5.87
2003,7,14,5.48
2003,7,15,5.48
2003,7,16,5.22
2003,7,17,5.48
2003,7,18,5.43
2003,7,19,5.47
2003,7,2,5.78
2003,7,20,5.28
2003,7,21,5.50
2003,7,22,5.62
2003,7,23,5.81
2003,7,24,5.94
2003,7,25,6.02
2003,7,26,5.41
2003,7,27,5.35
2003,7,28,5.55
2003,7,29,5.36
2003,7,3,6.08
2003,7,30,5.05
2003,7,31,4.89
2003,7,4,6.84
2003,7,5,7.17
2003,7,6,7.28
2003,7,7,7.16
2003,7,8,7.06
2003,7,9,7.23
2003,8,1,4.63
2003,8,10,5.60
2003,8,11,5.06
2003,8,12,5.25
2003,8,13,5.54
2003,8,14,5.54
2003,8,15,5.26
2003,8,16,5.16
2003,8,17,4.97
2003,8,18,5.06
2003,8,19,5.27
2003,8,2,5.66
2003,8,20,5.47
2003,8,21,5.57
2003,8,22,5.57
2003,8,23,4.97
2003,8,24,4.23
2003,8,25,4.76
2003,8,26,4.62
2003,8,27,5.24
2003,8,28,5.47
2003,8,29,4.97
2003,8,3,5.23
2003,8,30,5.13
2003,8,31,5.55
2003,8,4,5.70
2003,8,5,5.33
2003,8,6,5.61
2003,8,7,5.99
2003,8,8,6.39
2003,8,9,5.77
2003,9,1,5.61
2003,9,10,5.73
2003,9,11,5.60
2003,9,12,5.46
2003,9,13,5.51
2003,9,14,5.37
2003,9,15,5.61
2003,9,16,6.13
2003,9,17,5.90
2003,9,18,5.82
2003,9,19,6.48
2003,9,2,6.07
2003,9,20,5.87
2003,9,21,6.45
2003,9,22,6.49
2003,9,23,6.17
2003,9,24,6.43
2003,9,25,6.82
2003,9,26,6.16
2003,9,27,6.61
2003,9,28,6.59
2003,9,29,6.71
2003,9,3,5.61
2003,9,30,6.93
2003,9,31,0.00
2003,9,4,5.85
2003,9,5,5.79
2003,9,6,5.62
2003,9,7,5.71
2003,9,8,5.50
2003,9,9,5.34
2004,1,1,6.29
2004,1,10,6.32
2004,1,11,7.13
2004,1,12,7.43
2004,1,13,7.83
2004,1,14,8.22
2004,1,15,8.41
2004,1,16,8.70
2004,1,17,8.74
2004,1,18,8.57
2004,1,19,8.53
2004,1,2,6.35
2004,1,20,8.63
2004,1,21,8.48
2004,1,22,8.11
2004,1,23,7.68
2004,1,24,7.18
2004,1,25,6.80
2004,1,26,6.43
2004,1,27,5.94
2004,1,28,5.58
2004,1,29,5.50
2004,1,3,6.17
2004,1,30,4.99
2004,1,31,5.46
2004,1,4,6.11
2004,1,5,6.14
2004,1,6,5.67
2004,1,7,5.57
2004,1,8,6.06
2004,1,9,5.67
2004,10,1,10.82
2004,10,10,7.07
2004,10,11,6.94
2004,10,12,6.72
2004,10,13,6.36
2004,10,14,5.70
2004,10,15,5.48
2004,10,16,5.48
2004,10,17,5.32
2004,10,18,5.29
2004,10,19,5.43
2004,10,2,10.72
2004,10,20,5.88
2004,10,21,6.35
2004,10,22,6.54
2004,10,23,6.21
2004,10,24,6.60
2004,10,25,6.94
2004,10,26,7.69
2004,10,27,7.32
2004,10,28,7.02
2004,10,29,7.37
2004,10,3,10.50
2004,10,30,7.70
2004,10,31,7.88
2004,10,4,10.10
2004,10,5,9.50
2004,10,6,9.29
2004,10,7,9.05
2004,10,8,7.55
2004,10,9,7.29
2004,11,1,7.88
2004,11,10,7.19
2004,11,11,6.60
2004,11,12,6.34
2004,11,13,6.31
2004,11,14,6.10
2004,11,15,6.13
2004,11,16,6.09
2004,11,17,6.16
2004,11,18,6.36
2004,11,19,6.53
2004,11,2,7.71
2004,11,20,6.72
2004,11,21,6.92
2004,11,22,7.12
2004,11,23,7.32
2004,11,24,7.22
2004,11,25,7.46
2004,11,26,7.37
2004,11,27,7.21
2004,11,28,6.90
2004,11,29,6.75
2004,11,3,7.55
2004,11,30,6.34
2004,11,31,0.00
2004,11,4,7.70
2004,11,5,7.55
2004,11,6,7.33
2004,11,7,7.32
2004,11,8,7.22
2004,11,9,7.11
2004,12,1,6.92
2004,12,10,6.21
2004,12,11,5.75
2004,12,12,5.91
2004,12,13,5.91
2004,12,14,5.73
2004,12,15,5.44
2004,12,16,4.84
2004,12,17,5.00
2004,12,18,4.99
2004,12,19,5.69
2004,12,2,6.48
2004,12,20,5.23
2004,12,21,5.14
2004,12,22,5.28
2004,12,23,5.50
2004,12,24,5.53
2004,12,25,5.60
2004,12,26,5.33
2004,12,27,5.45
2004,12,28,5.63
2004,12,29,5.53
2004,12,3,6.50
2004,12,30,5.27
2004,12,31,5.03
2004,12,4,6.56
2004,12,5,6.55
2004,12,6,6.74
2004,12,7,6.78
2004,12,8,6.62
2004,12,9,6.67
2004,2,1,5.90
2004,2,10,7.08
2004,2,11,7.07
2004,2,12,6.92
2004,2,13,6.98
2004,2,14,7.11
2004,2,15,7.49
2004,2,16,7.61
2004,2,17,7.57
2004,2,18,7.38
2004,2,19,7.32
2004,2,2,6.33
2004,2,20,6.92
2004,2,21,7.14
2004,2,22,6.47
2004,2,23,5.97
2004,2,24,5.63
2004,2,25,5.47
2004,2,26,5.72
2004,2,27,6.17
2004,2,28,6.42
2004,2,29,6.54
2004,2,3,6.44
2004,2,30,0.00
2004,2,31,0.00
2004,2,4,6.45
2004,2,5,6.48
2004,2,6,6.74
2004,2,7,6.93
2004,2,8,7.05
2004,2,9,7.08
2004,3,1,6.70
2004,3,10,6.53
2004,3,11,6.37
2004,3,12,7.02
2004,3,13,7.25
2004,3,14,7.42
2004,3,15,7.54
2004,3,16,7.68
2004,3,17,7.66
2004,3,18,8.71
2004,3,19,8.10
2004,3,2,6.83
2004,3,20,7.53
2004,3,21,7.09
2004,3,22,6.76
2004,3,23,6.53
2004,3,24,6.57
2004,3,25,6.51
2004,3,26,6.80
2004,3,27,6.46
2004,3,28,6.16
2004,3,29,5.84
2004,3,3,6.99
2004,3,30,6.06
2004,3,31,6.00
2004,3,4,7.02
2004,3,5,7.00
2004,3,6,7.09
2004,3,7,7.03
2004,3,8,6.89
2004,3,9,6.67
2004,4,1,6.93
2004,4,10,6.00
2004,4,11,5.88
2004,4,12,5.82
2004,4,13,5.82
2004,4,14,5.74
2004,4,15,6.04
2004,4,16,6.13
2004,4,17,5.87
2004,4,18,5.60
2004,4,19,5.32
2004,4,2,6.48
2004,4,20,5.01
2004,4,21,5.83
2004,4,22,5.68
2004,4,23,5.42
2004,4,24,5.23
2004,4,25,5.10
2004,4,26,5.03
2004,4,27,6.01
2004,4,28,5.45
2004,4,29,5.20
2004,4,3,6.86
2004,4,30,6.02
2004,4,31,0.00
2004,4,4,7.09
2004,4,5,7.33
2004,4,6,7.18
2004,4,7,7.00
2004,4,8,6.42
2004,4,9,6.11
2004,5,1,6.26
2004,5,10,5.28
2004,5,11,5.33
2004,5,12,4.99
2004,5,13,5.36
2004,5,14,5.30
2004,5,15,5.38
2004,5,16,5.46
2004,5,17,5.61
2004,5,18,5.78
2004,5,19,6.04
2004,5,2,6.55
2004,5,20,6.12
2004,5,21,6.02
2004,5,22,5.93
2004,5,23,5.79
2004,5,24,5.56
2004,5,25,5.54
2004,5,26,5.89
2004,5,27,6.01
2004,5,28,6.26
2004,5,29,6.06
2004,5,3,6.89
2004,5,30,5.78
2004,5,31,5.63
2004,5,4,5.99
2004,5,5,6.42
2004,5,6,6.53
2004,5,7,5.91
2004,5,8,5.76
2004,5,9,5.59
2004,6,1,6.18
2004,6,10,4.85
2004,6,11,4.25
2004,6,12,3.69
2004,6,13,4.42
2004,6,14,4.39
2004,6,15,4.40
2004,6,16,4.34
2004,6,17,4.26
2004,6,18,4.39
2004,6,19,4.83
2004,6,2,5.79
2004,6,20,4.98
2004,6,21,5.09
2004,6,22,5.17
2004,6,23,5.29
2004,6,24,6.07
2004,6,25,6.68
2004,6,26,6.64
2004,6,27,6.45
2004,6,28,6.13
2004,6,29,5.77
2004,6,3,5.68
2004,6,30,5.56
2004,6,31,0.00
2004,6,4,5.57
2004,6,5,5.35
2004,6,6,5.01
2004,6,7,5.30
2004,6,8,5.19
2004,6,9,5.02
2004,7,1,5.25
2004,7,10,5.71
2004,7,11,6.06
2004,7,12,6.54
2004,7,13,6.82
2004,7,14,6.94
2004,7,15,7.18
2004,7,16,7.43
2004,7,17,7.62
2004,7,18,7.35
2004,7,19,7.22
2004,7,2,4.84
2004,7,20,6.98
2004,7,21,7.29
2004,7,22,7.63
2004,7,23,7.11
2004,7,24,6.74
2004,7,25,6.24
2004,7,26,5.60
2004,7,27,5.22
2004,7,28,5.23
2004,7,29,4.98
2004,7,3,4.49
2004,7,30,4.75
2004,7,31,4.61
2004,7,4,4.37
2004,7,5,4.27
2004,7,6,4.86
2004,7,7,4.89
2004,7,8,5.25
2004,7,9,5.72
2004,8,1,4.19
2004,8,10,6.43
2004,8,11,5.91
2004,8,12,6.27
2004,8,13,6.45
2004,8,14,7.02
2004,8,15,6.59
2004,8,16,6.32
2004,8,17,6.20
2004,8,18,6.42
2004,8,19,6.50
2004,8,2,4.09
2004,8,20,7.28
2004,8,21,6.88
2004,8,22,6.51
2004,8,23,6.47
2004,8,24,7.17
2004,8,25,7.27
2004,8,26,7.01
2004,8,27,6.60
2004,8,28,6.07
2004,8,29,5.93
2004,8,3,4.66
2004,8,30,5.87
2004,8,31,5.47
2004,8,4,5.13
2004,8,5,4.51
2004,8,6,4.91
2004,8,7,4.80
2004,8,8,5.77
2004,8,9,6.05
2004,9,1,5.48
2004,9,10,6.95
2004,9,11,7.39
2004,9,12,6.11
2004,9,13,7.17
2004,9,14,7.34
2004,9,15,7.33
2004,9,16,7.19
2004,9,17,6.89
2004,9,18,6.12
2004,9,19,6.49
2004,9,2,6.68
2004,9,20,6.70
2004,9,21,6.76
2004,9,22,6.57
2004,9,23,6.20
2004,9,24,6.33
2004,9,25,6.80
2004,9,26,7.47
2004,9,27,8.00
2004,9,28,8.73
2004,9,29,9.59
2004,9,3,6.62
2004,9,30,10.29
2004,9,31,0.00
2004,9,4,6.11
2004,9,5,6.76
2004,9,6,6.60
2004,9,7,6.97
2004,9,8,7.50
2004,9,9,7.10
2005,1,1,4.87
2005,1,10,4.90
2005,1,11,5.14
2005,1,12,5.15
2005,1,13,5.16
2005,1,14,5.62
2005,1,15,6.15
2005,1,16,6.41
2005,1,17,6.58
2005,1,18,6.61
2005,1,19,6.34
2005,1,2,4.76
2005,1,20,6.34
2005,1,21,5.85
2005,1,22,5.55
2005,1,23,5.59
2005,1,24,5.63
2005,1,25,5.43
2005,1,26,5.06
2005,1,27,4.62
2005,1,28,4.84
2005,1,29,5.00
2005,1,3,4.57
2005,1,30,4.50
2005,1,31,3.76
2005,1,4,4.29
2005,1,5,4.20
2005,1,6,4.19
2005,1,7,4.24
2005,1,8,4.36
2005,1,9,4.59
2005,10,1,4.07
2005,10,10,4.49
2005,10,11,4.76
2005,10,12,4.79
2005,10,13,5.11
2005,10,14,5.21
2005,10,15,5.26
2005,10,16,5.20
2005,10,17,5.04
2005,10,18,4.82
2005,10,19,4.51
2005,10,2,3.99
2005,10,20,4.38
2005,10,21,4.21
2005,10,22,4.02
2005,10,23,3.92
2005,10,24,3.64
2005,10,25,3.27
2005,10,26,3.13
2005,10,27,2.72
2005,10,28,2.66
2005,10,29,2.73
2005,10,3,3.85
2005,10,30,2.78
2005,10,31,3.03
2005,10,4,4.01
2005,10,5,4.27
2005,10,6,3.94
2005,10,7,4.26
2005,10,8,4.26
2005,10,9,4.34
2005,11,1,2.69
2005,11,10,3.93
2005,11,11,4.02
2005,11,12,4.08
2005,11,13,4.10
2005,11,14,4.10
2005,11,15,3.54
2005,11,16,3.92
2005,11,17,3.76
2005,11,18,3.52
2005,11,19,3.32
2005,11,2,2.30
2005,11,20,3.11
2005,11,21,2.88
2005,11,22,2.94
2005,11,23,2.85
2005,11,24,2.77
2005,11,25,2.82
2005,11,26,3.04
2005,11,27,3.45
2005,11,28,4.05
2005,11,29,3.95
2005,11,3,2.33
2005,11,30,3.97
2005,11,31,0.00
2005,11,4,2.63
2005,11,5,2.79
2005,11,6,2.85
2005,11,7,2.74
2005,11,8,2.94
2005,11,9,2.99
2005,12,1,4.11
2005,12,10,4.13
2005,12,11,3.79
2005,12,12,3.60
2005,12,13,3.40
2005,12,14,3.35
2005,12,15,3.30
2005,12,16,3.18
2005,12,17,3.09
2005,12,18,3.06
2005,12,19,3.08
2005,12,2,4.47
2005,12,20,3.14
2005,12,21,3.21
2005,12,22,3.16
2005,12,23,3.19
2005,12,24,3.26
2005,12,25,3.30
2005,12,26,3.35
2005,12,27,3.48
2005,12,28,3.50
2005,12,29,3.74
2005,12,3,4.73
2005,12,30,4.14
2005,12,31,4.51
2005,12,4,4.88
2005,12,5,3.83
2005,12,6,3.88
2005,12,7,3.95
2005,12,8,4.07
2005,12,9,4.12
2005,2,1,3.86
2005,2,10,6.27
2005,2,11,6.28
2005,2,12,6.42
2005,2,13,6.30
2005,2,14,6.24
2005,2,15,6.25
2005,2,16,6.21
2005,2,17,5.49
2005,2,18,5.26
2005,2,19,5.02
2005,2,2,3.84
2005,2,20,4.86
2005,2,21,4.65
2005,2,22,4.51
2005,2,23,4.30
2005,2,24,4.15
2005,2,25,4.34
2005,2,26,4.09
2005,2,27,4.14
2005,2,28,4.11
2005,2,29,0.00
2005,2,3,3.77
2005,2,30,0.00
2005,2,31,0.00
2005,2,4,4.06
2005,2,5,4.28
2005,2,6,5.08
2005,2,7,5.51
2005,2,8,5.68
2005,2,9,5.35
2005,3,1,4.04
2005,3,10,5.21
2005,3,11,5.53
2005,3,12,5.71
2005,3,13,5.80
2005,3,14,5.84
2005,3,15,5.73
2005,3,16,5.85
2005,3,17,6.26
2005,3,18,6.19
2005,3,19,5.91
2005,3,2,4.12
2005,3,20,5.73
2005,3,21,5.60
2005,3,22,5.43
2005,3,23,4.68
2005,3,24,4.27
2005,3,25,3.73
2005,3,26,3.68
2005,3,27,3.51
2005,3,28,3.36
2005,3,29,3.40
2005,3,3,4.88
2005,3,30,4.77
2005,3,31,4.47
2005,3,4,4.33
2005,3,5,4.86
2005,3,6,4.91
2005,3,7,4.95
2005,3,8,5.24
2005,3,9,5.51
2005,4,1,5.04
2005,4,10,6.94
2005,4,11,6.69
2005,4,12,6.27
2005,4,13,5.83
2005,4,14,5.56
2005,4,15,5.30
2005,4,16,5.11
2005,4,17,5.01
2005,4,18,5.00
2005,4,19,4.82
2005,4,2,5.13
2005,4,20,4.59
2005,4,21,4.43
2005,4,22,4.33
2005,4,23,4.19
2005,4,24,4.23
2005,4,25,4.28
2005,4,26,4.57
2005,4,27,4.84
2005,4,28,4.61
2005,4,29,4.08
2005,4,3,6.12
2005,4,30,4.36
2005,4,31,0.00
2005,4,4,6.13
2005,4,5,7.54
2005,4,6,7.40
2005,4,7,7.47
2005,4,8,7.38
2005,4,9,7.33
2005,5,1,4.43
2005,5,10,4.47
2005,5,11,4.63
2005,5,12,4.49
2005,5,13,3.99
2005,5,14,4.11
2005,5,15,3.82
2005,5,16,3.81
2005,5,17,3.40
2005,5,18,3.14
2005,5,19,3.06
2005,5,2,4.50
2005,5,20,3.78
2005,5,21,3.73
2005,5,22,4.60
2005,5,23,4.16
2005,5,24,4.21
2005,5,25,4.35
2005,5,26,4.60
2005,5,27,4.46
2005,5,28,4.87
2005,5,29,5.04
2005,5,3,4.62
2005,5,30,4.91
2005,5,31,5.42
2005,5,4,4.32
2005,5,5,4.17
2005,5,6,4.37
2005,5,7,4.37
2005,5,8,4.65
2005,5,9,4.90
2005,6,1,5.36
2005,6,10,4.42
2005,6,11,4.08
2005,6,12,4.09
2005,6,13,3.83
2005,6,14,3.70
2005,6,15,4.29
2005,6,16,4.37
2005,6,17,4.39
2005,6,18,4.65
2005,6,19,3.97
2005,6,2,5.05
2005,6,20,4.19
2005,6,21,3.99
2005,6,22,4.24
2005,6,23,4.27
2005,6,24,4.48
2005,6,25,3.93
2005,6,26,4.46
2005,6,27,4.84
2005,6,28,5.11
2005,6,29,5.09
2005,6,3,5.30
2005,6,30,5.21
2005,6,31,0.00
2005,6,4,5.18
2005,6,5,4.90
2005,6,6,4.73
2005,6,7,4.42
2005,6,8,4.11
2005,6,9,4.27
2005,7,1,4.91
2005,7,10,4.36
2005,7,11,4.27
2005,7,12,4.25
2005,7,13,4.28
2005,7,14,4.49
2005,7,15,4.52
2005,7,16,4.46
2005,7,17,4.27
2005,7,18,3.95
2005,7,19,4.09
2005,7,2,5.20
2005,7,20,4.05
2005,7,21,4.05
2005,7,22,3.90
2005,7,23,4.06
2005,7,24,4.46
2005,7,25,4.58
2005,7,26,4.75
2005,7,27,4.91
2005,7,28,5.01
2005,7,29,5.14
2005,7,3,5.38
2005,7,30,5.68
2005,7,31,6.07
2005,7,4,5.37
2005,7,5,5.43
2005,7,6,5.31
2005,7,7,5.10
2005,7,8,4.72
2005,7,9,4.51
2005,8,1,6.44
2005,8,10,3.96
2005,8,11,4.61
2005,8,12,4.67
2005,8,13,3.87
2005,8,14,3.29
2005,8,15,3.90
2005,8,16,4.15
2005,8,17,4.50
2005,8,18,4.77
2005,8,19,4.79
2005,8,2,6.56
2005,8,20,5.04
2005,8,21,5.61
2005,8,22,5.81
2005,8,23,5.76
2005,8,24,5.97
2005,8,25,5.73
2005,8,26,5.60
2005,8,27,5.54
2005,8,28,5.30
2005,8,29,5.11
2005,8,3,6.49
2005,8,30,5.04
2005,8,31,4.70
2005,8,4,6.13
2005,8,5,6.19
2005,8,6,6.07
2005,8,7,5.38
2005,8,8,4.64
2005,8,9,4.31
2005,9,1,4.14
2005,9,10,3.28
2005,9,11,3.66
2005,9,12,4.06
2005,9,13,4.47
2005,9,14,4.98
2005,9,15,5.24
2005,9,16,5.87
2005,9,17,5.91
2005,9,18,5.82
2005,9,19,5.57
2005,9,2,3.75
2005,9,20,6.00
2005,9,21,5.53
2005,9,22,5.20
2005,9,23,4.79
2005,9,24,4.83
2005,9,25,4.91
2005,9,26,5.13
2005,9,27,4.71
2005,9,28,4.28
2005,9,29,4.07
2005,9,3,2.98
2005,9,30,4.12
2005,9,31,0.00
2005,9,4,2.81
2005,9,5,2.79
2005,9,6,2.91
2005,9,7,3.05
2005,9,8,3.01
2005,9,9,3.11
2006,1,1,5.83
2006,1,10,3.97
2006,1,11,3.86
2006,1,12,4.00
2006,1,13,4.21
2006,1,14,5.08
2006,1,15,5.55
2006,1,16,5.52
2006,1,17,5.53
2006,1,18,6.27
2006,1,19,6.46
2006,1,2,6.63
2006,1,20,6.58
2006,1,21,7.78
2006,1,22,8.03
2006,1,23,7.75
2006,1,24,6.75
2006,1,25,6.56
2006,1,26,6.50
2006,1,27,6.26
2006,1,28,6.69
2006,1,29,6.00
2006,1,3,6.79
2006,1,30,4.98
2006,1,31,4.87
2006,1,4,6.22
2006,1,5,6.15
2006,1,6,5.92
2006,1,7,5.83
2006,1,8,6.11
2006,1,9,6.00
2006,10,1,5.75
2006,10,10,3.84
2006,10,11,3.85
2006,10,12,4.33
2006,10,13,4.51
2006,10,14,3.97
2006,10,15,3.71
2006,10,16,4.49
2006,10,17,3.26
2006,10,18,4.38
2006,10,19,3.62
2006,10,2,4.64
2006,10,20,2.90
2006,10,21,3.06
2006,10,22,3.15
2006,10,23,2.59
2006,10,24,3.65
2006,10,25,2.98
2006,10,26,3.11
2006,10,27,2.97
2006,10,28,3.14
2006,10,29,3.31
2006,10,3,5.91
2006,10,30,4.83
2006,10,31,2.73
2006,10,4,4.63
2006,10,5,4.81
2006,10,6,4.99
2006,10,7,6.00
2006,10,8,4.72
2006,10,9,4.97
2006,11,1,2.92
2006,11,10,2.85
2006,11,11,2.69
2006,11,12,2.70
2006,11,13,2.67
2006,11,14,2.63
2006,11,15,2.64
2006,11,16,2.58
2006,11,17,2.59
2006,11,18,2.66
2006,11,19,2.71
2006,11,2,2.88
2006,11,20,2.70
2006,11,21,3.16
2006,11,22,2.69
2006,11,23,2.57
2006,11,24,2.49
2006,11,25,2.41
2006,11,26,2.34
2006,11,27,2.36
2006,11,28,2.16
2006,11,29,2.20
2006,11,3,3.08
2006,11,30,2.28
2006,11,31,0.00
2006,11,4,3.18
2006,11,5,3.02
2006,11,6,2.66
2006,11,7,2.81
2006,11,8,2.97
2006,11,9,3.04
2006,12,1,2.37
2006,12,10,2.52
2006,12,11,2.48
2006,12,12,2.48
2006,12,13,2.66
2006,12,14,2.94
2006,12,15,3.19
2006,12,16,3.26
2006,12,17,3.27
2006,12,18,3.24
2006,12,19,3.10
2006,12,2,2.49
2006,12,20,2.89
2006,12,21,2.58
2006,12,22,2.24
2006,12,23,2.31
2006,12,24,2.34
2006,12,25,2.37
2006,12,26,2.45
2006,12,27,2.54
2006,12,28,2.71
2006,12,29,3.10
2006,12,3,2.62
2006,12,30,3.18
2006,12,31,3.03
2006,12,4,2.70
2006,12,5,2.77
2006,12,6,2.73
2006,12,7,2.65
2006,12,8,2.60
2006,12,9,2.57
2006,2,1,4.75
2006,2,10,4.31
2006,2,11,4.04
2006,2,12,3.95
2006,2,13,4.08
2006,2,14,4.65
2006,2,15,5.25
2006,2,16,5.59
2006,2,17,6.47
2006,2,18,6.69
2006,2,19,6.59
2006,2,2,4.90
2006,2,20,6.49
2006,2,21,6.23
2006,2,22,6.14
2006,2,23,6.34
2006,2,24,6.00
2006,2,25,5.58
2006,2,26,5.20
2006,2,27,4.88
2006,2,28,5.56
2006,2,29,0.00
2006,2,3,4.64
2006,2,30,0.00
2006,2,31,0.00
2006,2,4,5.35
2006,2,5,4.51
2006,2,6,3.81
2006,2,7,3.62
2006,2,8,3.58
2006,2,9,4.22
2006,3,1,5.57
2006,3,10,4.42
2006,3,11,4.94
2006,3,12,4.70
2006,3,13,4.63
2006,3,14,5.18
2006,3,15,5.54
2006,3,16,5.23
2006,3,17,5.48
2006,3,18,5.56
2006,3,19,5.53
2006,3,2,5.46
2006,3,20,5.49
2006,3,21,4.01
2006,3,22,4.89
2006,3,23,4.05
2006,3,24,3.90
2006,3,25,4.04
2006,3,26,4.29
2006,3,27,4.38
2006,3,28,4.79
2006,3,29,4.55
2006,3,3,5.03
2006,3,30,3.89
2006,3,31,4.26
2006,3,4,4.99
2006,3,5,5.16
2006,3,6,5.26
2006,3,7,4.95
2006,3,8,4.69
2006,3,9,4.09
2006,4,1,4.60
2006,4,10,4.48
2006,4,11,4.28
2006,4,12,4.17
2006,4,13,4.33
2006,4,14,4.18
2006,4,15,4.03
2006,4,16,3.84
2006,4,17,3.64
2006,4,18,3.67
2006,4,19,3.60
2006,4,2,4.39
2006,4,20,4.07
2006,4,21,3.98
2006,4,22,3.71
2006,4,23,3.90
2006,4,24,4.02
2006,4,25,3.94
2006,4,26,3.86
2006,4,27,3.53
2006,4,28,3.40
2006,4,29,4.44
2006,4,3,4.19
2006,4,30,4.15
2006,4,31,0.00
2006,4,4,3.98
2006,4,5,3.77
2006,4,6,3.78
2006,4,7,4.50
2006,4,8,4.60
2006,4,9,4.59
2006,5,1,3.51
2006,5,10,4.34
2006,5,11,4.84
2006,5,12,4.60
2006,5,13,4.37
2006,5,14,4.24
2006,5,15,4.23
2006,5,16,4.18
2006,5,17,4.21
2006,5,18,4.08
2006,5,19,4.23
2006,5,2,3.64
2006,5,20,4.46
2006,5,21,5.34
2006,5,22,5.46
2006,5,23,4.73
2006,5,24,4.87
2006,5,25,4.95
2006,5,26,5.17
2006,5,27,6.24
2006,5,28,5.84
2006,5,29,5.73
2006,5,3,3.85
2006,5,30,5.53
2006,5,31,5.51
2006,5,4,4.13
2006,5,5,4.73
2006,5,6,5.01
2006,5,7,4.76
2006,5,8,4.64
2006,5,9,4.44
2006,6,1,6.04
2006,6,10,5.70
2006,6,11,5.48
2006,6,12,5.57
2006,6,13,5.50
2006,6,14,5.67
2006,6,15,5.59
2006,6,16,5.33
2006,6,17,5.43
2006,6,18,5.50
2006,6,19,5.22
2006,6,2,6.22
2006,6,20,5.71
2006,6,21,5.60
2006,6,22,5.32
2006,6,23,5.56
2006,6,24,5.77
2006,6,25,5.93
2006,6,26,5.91
2006,6,27,5.77
2006,6,28,5.67
2006,6,29,5.91
2006,6,3,6.54
2006,6,30,6.07
2006,6,31,0.00
2006,6,4,6.67
2006,6,5,5.54
2006,6,6,5.33
2006,6,7,5.57
2006,6,8,5.81
2006,6,9,5.93
2006,7,1,6.03
2006,7,10,4.55
2006,7,11,4.42
2006,7,12,4.42
2006,7,13,3.69
2006,7,14,3.57
2006,7,15,3.82
2006,7,16,4.02
2006,7,17,4.28
2006,7,18,4.40
2006,7,19,4.87
2006,7,2,5.91
2006,7,20,5.31
2006,7,21,5.80
2006,7,22,6.34
2006,7,23,6.99
2006,7,24,6.31
2006,7,25,6.86
2006,7,26,6.70
2006,7,27,6.47
2006,7,28,6.36
2006,7,29,6.00
2006,7,3,5.82
2006,7,30,5.72
2006,7,31,5.79
2006,7,4,5.75
2006,7,5,5.92
2006,7,6,5.95
2006,7,7,5.57
2006,7,8,5.26
2006,7,9,4.92
2006,8,1,6.11
2006,8,10,3.65
2006,8,11,3.87
2006,8,12,4.19
2006,8,13,4.01
2006,8,14,3.72
2006,8,15,3.58
2006,8,16,3.28
2006,8,17,4.05
2006,8,18,4.33
2006,8,19,4.75
2006,8,2,5.78
2006,8,20,5.15
2006,8,21,4.77
2006,8,22,4.11
2006,8,23,5.45
2006,8,24,4.42
2006,8,25,4.43
2006,8,26,4.32
2006,8,27,3.93
2006,8,28,3.70
2006,8,29,4.69
2006,8,3,5.15
2006,8,30,4.52
2006,8,31,4.61
2006,8,4,4.58
2006,8,5,5.04
2006,8,6,5.07
2006,8,7,5.12
2006,8,8,4.33
2006,8,9,3.65
2006,9,1,4.73
2006,9,10,5.44
2006,9,11,5.49
2006,9,12,5.19
2006,9,13,5.41
2006,9,14,5.34
2006,9,15,5.35
2006,9,16,5.29
2006,9,17,5.41
2006,9,18,5.15
2006,9,19,4.52
2006,9,2,4.66
2006,9,20,3.90
2006,9,21,3.74
2006,9,22,3.46
2006,9,23,4.26
2006,9,24,4.99
2006,9,25,3.58
2006,9,26,3.35
2006,9,27,4.01
2006,9,28,4.16
2006,9,29,4.26
2006,9,3,4.57
2006,9,30,4.09
2006,9,31,0.00
2006,9,4,4.88
2006,9,5,5.57
2006,9,6,5.30
2006,9,7,5.24
2006,9,8,5.19
2006,9,9,5.19
2007,1,1,2.92
2007,1,10,2.42
2007,1,11,2.35
2007,1,12,2.35
2007,1,13,2.41
2007,1,14,2.44
2007,1,15,2.49
2007,1,16,2.58
2007,1,17,2.42
2007,1,18,2.41
2007,1,19,2.45
2007,1,2,2.81
2007,1,20,2.90
2007,1,21,3.07
2007,1,22,3.14
2007,1,23,3.03
2007,1,24,3.07
2007,1,25,3.03
2007,1,26,3.41
2007,1,27,3.05
2007,1,28,2.76
2007,1,29,2.53
2007,1,3,2.72
2007,1,30,2.48
2007,1,31,2.43
2007,1,4,2.77
2007,1,5,2.59
2007,1,6,2.51
2007,1,7,2.48
2007,1,8,2.46
2007,1,9,2.43
2007,10,1,2.26
2007,10,10,1.65
2007,10,11,1.57
2007,10,12,1.70
2007,10,13,1.69
2007,10,14,1.64
2007,10,15,1.65
2007,10,16,1.64
2007,10,17,1.63
2007,10,18,1.69
2007,10,19,1.61
2007,10,2,1.93
2007,10,20,1.59
2007,10,21,1.59
2007,10,22,1.61
2007,10,23,1.62
2007,10,24,1.62
2007,10,25,1.64
2007,10,26,1.62
2007,10,27,1.59
2007,10,28,1.61
2007,10,29,1.63
2007,10,3,1.77
2007,10,30,1.66
2007,10,31,1.68
2007,10,4,1.91
2007,10,5,1.95
2007,10,6,1.93
2007,10,7,1.89
2007,10,8,1.58
2007,10,9,1.55
2007,11,1,1.63
2007,11,10,1.88
2007,11,11,1.88
2007,11,12,1.79
2007,11,13,1.64
2007,11,14,1.77
2007,11,15,1.87
2007,11,16,1.72
2007,11,17,1.58
2007,11,18,1.53
2007,11,19,1.45
2007,11,2,1.61
2007,11,20,1.55
2007,11,21,1.54
2007,11,22,1.38
2007,11,23,1.25
2007,11,24,1.26
2007,11,25,1.24
2007,11,26,1.38
2007,11,27,1.32
2007,11,28,1.23
2007,11,29,1.19
2007,11,3,1.52
2007,11,30,1.45
2007,11,31,0.00
2007,11,4,1.62
2007,11,5,1.67
2007,11,6,1.67
2007,11,7,1.64
2007,11,8,1.70
2007,11,9,1.73
2007,12,1,1.46
2007,12,10,1.81
2007,12,11,1.83
2007,12,12,1.87
2007,12,13,1.96
2007,12,14,1.87
2007,12,15,1.82
2007,12,16,1.82
2007,12,17,1.84
2007,12,18,1.81
2007,12,19,1.75
2007,12,2,1.49
2007,12,20,1.47
2007,12,21,1.22
2007,12,22,1.19
2007,12,23,1.19
2007,12,24,1.30
2007,12,25,1.32
2007,12,26,1.27
2007,12,27,1.00
2007,12,28,1.22
2007,12,29,1.40
2007,12,3,1.44
2007,12,30,1.70
2007,12,31,1.75
2007,12,4,1.55
2007,12,5,1.66
2007,12,6,1.83
2007,12,7,1.80
2007,12,8,1.76
2007,12,9,1.70
2007,2,1,2.46
2007,2,10,2.79
2007,2,11,2.49
2007,2,12,2.39
2007,2,13,2.43
2007,2,14,2.35
2007,2,15,2.39
2007,2,16,2.40
2007,2,17,2.60
2007,2,18,2.73
2007,2,19,2.51
2007,2,2,2.38
2007,2,20,2.43
2007,2,21,2.41
2007,2,22,2.38
2007,2,23,2.57
2007,2,24,2.66
2007,2,25,2.64
2007,2,26,2.67
2007,2,27,2.60
2007,2,28,2.56
2007,2,29,0.00
2007,2,3,2.32
2007,2,30,0.00
2007,2,31,0.00
2007,2,4,2.60
2007,2,5,2.68
2007,2,6,2.72
2007,2,7,2.83
2007,2,8,2.65
2007,2,9,2.60
2007,3,1,2.53
2007,3,10,2.57
2007,3,11,3.04
2007,3,12,2.64
2007,3,13,2.34
2007,3,14,2.29
2007,3,15,2.37
2007,3,16,2.77
2007,3,17,2.72
2007,3,18,2.76
2007,3,19,2.81
2007,3,2,2.46
2007,3,20,2.70
2007,3,21,3.01
2007,3,22,2.97
2007,3,23,2.73
2007,3,24,2.73
2007,3,25,2.69
2007,3,26,2.42
2007,3,27,2.83
2007,3,28,2.36
2007,3,29,2.24
2007,3,3,2.42
2007,3,30,2.36
2007,3,31,2.42
2007,3,4,2.34
2007,3,5,2.68
2007,3,6,2.78
2007,3,7,2.71
2007,3,8,2.63
2007,3,9,2.58
2007,4,1,1.95
2007,4,10,2.18
2007,4,11,2.07
2007,4,12,2.05
2007,4,13,1.93
2007,4,14,2.02
2007,4,15,1.74
2007,4,16,1.98
2007,4,17,1.95
2007,4,18,2.05
2007,4,19,2.19
2007,4,2,2.23
2007,4,20,2.36
2007,4,21,2.29
2007,4,22,2.34
2007,4,23,2.48
2007,4,24,2.61
2007,4,25,2.60
2007,4,26,2.40
2007,4,27,2.35
2007,4,28,2.35
2007,4,29,2.44
2007,4,3,2.10
2007,4,30,2.32
2007,4,31,0.00
2007,4,4,1.98
2007,4,5,1.98
2007,4,6,2.14
2007,4,7,2.15
2007,4,8,2.36
2007,4,9,2.28
2007,5,1,2.04
2007,5,10,2.04
2007,5,11,2.23
2007,5,12,2.34
2007,5,13,2.29
2007,5,14,2.59
2007,5,15,2.51
2007,5,16,2.64
2007,5,17,2.78
2007,5,18,2.37
2007,5,19,2.64
2007,5,2,1.74
2007,5,20,2.91
2007,5,21,2.54
2007,5,22,2.65
2007,5,23,2.61
2007,5,24,2.56
2007,5,25,2.65
2007,5,26,2.66
2007,5,27,2.58
2007,5,28,2.52
2007,5,29,2.51
2007,5,3,2.11
2007,5,30,2.65
2007,5,31,2.53
2007,5,4,1.76
2007,5,5,2.00
2007,5,6,2.05
2007,5,7,1.95
2007,5,8,1.95
2007,5,9,2.06
2007,6,1,2.74
2007,6,10,2.82
2007,6,11,2.83
2007,6,12,2.62
2007,6,13,2.73
2007,6,14,2.72
2007,6,15,2.59
2007,6,16,2.38
2007,6,17,2.34
2007,6,18,2.25
2007,6,19,2.29
2007,6,2,2.77
2007,6,20,1.97
2007,6,21,2.13
2007,6,22,2.03
2007,6,23,1.87
2007,6,24,1.68
2007,6,25,1.98
2007,6,26,2.26
2007,6,27,2.54
2007,6,28,2.67
2007,6,29,2.82
2007,6,3,2.77
2007,6,30,2.97
2007,6,31,0.00
2007,6,4,2.75
2007,6,5,2.87
2007,6,6,2.52
2007,6,7,2.73
2007,6,8,2.83
2007,6,9,2.85
2007,7,1,3.19
2007,7,10,1.82
2007,7,11,1.69
2007,7,12,1.56
2007,7,13,1.52
2007,7,14,1.50
2007,7,15,1.59
2007,7,16,1.61
2007,7,17,1.62
2007,7,18,1.60
2007,7,19,1.61
2007,7,2,3.26
2007,7,20,1.66
2007,7,21,1.71
2007,7,22,1.59
2007,7,23,1.50
2007,7,24,1.42
2007,7,25,1.51
2007,7,26,1.57
2007,7,27,1.66
2007,7,28,1.73
2007,7,29,1.82
2007,7,3,3.17
2007,7,30,1.96
2007,7,31,2.16
2007,7,4,2.99
2007,7,5,2.83
2007,7,6,2.63
2007,7,7,2.43
2007,7,8,2.20
2007,7,9,2.01
2007,8,1,2.28
2007,8,10,1.47
2007,8,11,1.49
2007,8,12,1.53
2007,8,13,1.55
2007,8,14,1.57
2007,8,15,1.64
2007,8,16,1.39
2007,8,17,1.68
2007,8,18,1.85
2007,8,19,1.91
2007,8,2,2.32
2007,8,20,1.92
2007,8,21,2.00
2007,8,22,2.08
2007,8,23,2.12
2007,8,24,2.32
2007,8,25,2.11
2007,8,26,2.00
2007,8,27,1.99
2007,8,28,2.09
2007,8,29,2.00
2007,8,3,2.32
2007,8,30,1.95
2007,8,31,1.72
2007,8,4,2.29
2007,8,5,2.22
2007,8,6,2.19
2007,8,7,1.99
2007,8,8,1.80
2007,8,9,1.60
2007,9,1,1.82
2007,9,10,1.63
2007,9,11,1.53
2007,9,12,1.67
2007,9,13,1.87
2007,9,14,1.90
2007,9,15,1.84
2007,9,16,1.74
2007,9,17,1.64
2007,9,18,1.85
2007,9,19,1.91
2007,9,2,1.84
2007,9,20,1.70
2007,9,21,1.56
2007,9,22,1.52
2007,9,23,1.51
2007,9,24,1.47
2007,9,25,1.84
2007,9,26,1.88
2007,9,27,1.69
2007,9,28,1.69
2007,9,29,1.87
2007,9,3,1.98
2007,9,30,1.86
2007,9,31,0.00
2007,9,4,1.79
2007,9,5,1.69
2007,9,6,1.73
2007,9,7,1.77
2007,9,8,1.77
2007,9,9,1.77
2008,1,1,1.16
2008,1,10,2.06
2008,1,11,2.12
2008,1,12,2.01
2008,1,13,2.08
2008,1,14,2.29
2008,1,15,1.99
2008,1,16,1.40
2008,1,17,1.36
2008,1,18,1.44
2008,1,19,1.34
2008,1,2,1.14
2008,1,20,1.21
2008,1,21,1.18
2008,1,22,1.16
2008,1,23,1.18
2008,1,24,1.24
2008,1,25,1.16
2008,1,26,1.14
2008,1,27,1.17
2008,1,28,1.54
2008,1,29,1.96
2008,1,3,1.15
2008,1,30,2.17
2008,1,31,1.96
2008,1,4,1.28
2008,1,5,1.46
2008,1,6,1.37
2008,1,7,1.37
2008,1,8,1.78
2008,1,9,2.06
2008,10,1,1.46
2008,10,10,1.35
2008,10,11,1.29
2008,10,12,1.22
2008,10,13,1.18
2008,10,14,1.78
2008,10,15,1.36
2008,10,16,1.34
2008,10,17,1.34
2008,10,18,1.29
2008,10,19,1.42
2008,10,2,1.47
2008,10,20,1.53
2008,10,21,1.36
2008,10,22,1.33
2008,10,23,1.25
2008,10,24,1.27
2008,10,25,1.27
2008,10,26,1.18
2008,10,27,1.34
2008,10,28,1.26
2008,10,29,1.23
2008,10,3,1.42
2008,10,30,1.25
2008,10,31,1.35
2008,10,4,1.42
2008,10,5,1.38
2008,10,6,1.38
2008,10,7,1.34
2008,10,8,1.40
2008,10,9,1.36
2008,11,1,1.29
2008,11,10,1.39
2008,11,11,1.45
2008,11,12,1.44
2008,11,13,1.49
2008,11,14,1.53
2008,11,15,1.56
2008,11,16,1.57
2008,11,17,1.60
2008,11,18,1.62
2008,11,19,1.52
2008,11,2,1.34
2008,11,20,1.57
2008,11,21,1.64
2008,11,22,1.81
2008,11,23,1.79
2008,11,24,1.78
2008,11,25,1.73
2008,11,26,1.74
2008,11,27,1.76
2008,11,28,1.79
2008,11,29,1.50
2008,11,3,1.39
2008,11,30,1.47
2008,11,31,0.00
2008,11,4,1.40
2008,11,5,1.44
2008,11,6,1.41
2008,11,7,1.38
2008,11,8,1.34
2008,11,9,1.44
2008,12,1,1.43
2008,12,10,1.27
2008,12,11,1.25
2008,12,12,1.27
2008,12,13,1.29
2008,12,14,1.29
2008,12,15,1.36
2008,12,16,1.35
2008,12,17,1.35
2008,12,18,1.35
2008,12,19,1.34
2008,12,2,1.47
2008,12,20,1.33
2008,12,21,1.32
2008,12,22,1.28
2008,12,23,1.24
2008,12,24,1.20
2008,12,25,1.31
2008,12,26,1.34
2008,12,27,1.34
2008,12,28,1.32
2008,12,29,1.36
2008,12,3,1.54
2008,12,30,1.44
2008,12,31,1.61
2008,12,4,1.45
2008,12,5,1.36
2008,12,6,1.33
2008,12,7,1.31
2008,12,8,1.30
2008,12,9,1.31
2008,2,1,2.11
2008,2,10,1.62
2008,2,11,1.47
2008,2,12,1.58
2008,2,13,1.56
2008,2,14,1.71
2008,2,15,1.82
2008,2,16,1.90
2008,2,17,1.92
2008,2,18,1.91
2008,2,19,2.00
2008,2,2,2.18
2008,2,20,1.95
2008,2,21,1.66
2008,2,22,1.47
2008,2,23,1.49
2008,2,24,1.45
2008,2,25,1.36
2008,2,26,1.64
2008,2,27,1.71
2008,2,28,1.79
2008,2,29,1.86
2008,2,3,2.01
2008,2,30,0.00
2008,2,31,0.00
2008,2,4,2.08
2008,2,5,1.77
2008,2,6,1.63
2008,2,7,1.65
2008,2,8,1.43
2008,2,9,1.20
2008,3,1,2.02
2008,3,10,1.59
2008,3,11,1.36
2008,3,12,1.24
2008,3,13,1.27
2008,3,14,1.08
2008,3,15,1.18
2008,3,16,1.28
2008,3,17,1.32
2008,3,18,1.35
2008,3,19,1.51
2008,3,2,1.97
2008,3,20,1.49
2008,3,21,1.53
2008,3,22,1.56
2008,3,23,1.59
2008,3,24,1.96
2008,3,25,2.28
2008,3,26,2.31
2008,3,27,2.31
2008,3,28,2.35
2008,3,29,2.40
2008,3,3,2.30
2008,3,30,2.63
2008,3,31,2.55
2008,3,4,2.18
2008,3,5,2.20
2008,3,6,2.01
2008,3,7,2.11
2008,3,8,1.70
2008,3,9,1.93
2008,4,1,2.19
2008,4,10,1.45
2008,4,11,1.48
2008,4,12,1.53
2008,4,13,1.66
2008,4,14,1.82
2008,4,15,2.05
2008,4,16,2.32
2008,4,17,2.66
2008,4,18,2.79
2008,4,19,2.89
2008,4,2,1.98
2008,4,20,3.05
2008,4,21,3.15
2008,4,22,2.86
2008,4,23,3.01
2008,4,24,2.97
2008,4,25,2.76
2008,4,26,2.92
2008,4,27,2.88
2008,4,28,2.40
2008,4,29,2.89
2008,4,3,1.84
2008,4,30,2.59
2008,4,31,0.00
2008,4,4,1.83
2008,4,5,1.80
2008,4,6,1.77
2008,4,7,1.74
2008,4,8,1.70
2008,4,9,1.59
2008,5,1,2.42
2008,5,10,1.59
2008,5,11,1.62
2008,5,12,1.74
2008,5,13,1.89
2008,5,14,1.99
2008,5,15,1.87
2008,5,16,1.91
2008,5,17,1.96
2008,5,18,2.04
2008,5,19,2.07
2008,5,2,2.18
2008,5,20,2.06
2008,5,21,2.02
2008,5,22,2.11
2008,5,23,2.23
2008,5,24,2.21
2008,5,25,2.05
2008,5,26,2.06
2008,5,27,2.06
2008,5,28,2.04
2008,5,29,1.97
2008,5,3,2.01
2008,5,30,1.73
2008,5,31,1.51
2008,5,4,1.86
2008,5,5,1.76
2008,5,6,1.60
2008,5,7,1.85
2008,5,8,1.54
2008,5,9,1.55
2008,6,1,1.62
2008,6,10,1.54
2008,6,11,1.83
2008,6,12,1.81
2008,6,13,1.74
2008,6,14,1.78
2008,6,15,1.73
2008,6,16,1.68
2008,6,17,1.68
2008,6,18,1.48
2008,6,19,1.30
2008,6,2,1.64
2008,6,20,1.42
2008,6,21,1.44
2008,6,22,1.42
2008,6,23,1.37
2008,6,24,1.35
2008,6,25,1.33
2008,6,26,1.53
2008,6,27,1.48
2008,6,28,1.51
2008,6,29,1.52
2008,6,3,1.63
2008,6,30,1.54
2008,6,31,0.00
2008,6,4,1.56
2008,6,5,1.48
2008,6,6,1.53
2008,6,7,1.59
2008,6,8,1.64
2008,6,9,1.69
2008,7,1,1.57
2008,7,10,1.66
2008,7,11,1.61
2008,7,12,1.57
2008,7,13,1.51
2008,7,14,1.46
2008,7,15,1.42
2008,7,16,1.38
2008,7,17,1.35
2008,7,18,1.39
2008,7,19,1.43
2008,7,2,1.62
2008,7,20,1.44
2008,7,21,1.45
2008,7,22,1.38
2008,7,23,1.42
2008,7,24,1.38
2008,7,25,1.40
2008,7,26,1.42
2008,7,27,1.26
2008,7,28,1.14
2008,7,29,1.06
2008,7,3,1.65
2008,7,30,0.96
2008,7,31,1.07
2008,7,4,1.68
2008,7,5,1.72
2008,7,6,1.73
2008,7,7,1.76
2008,7,8,1.72
2008,7,9,1.70
2008,8,1,1.14
2008,8,10,1.24
2008,8,11,1.49
2008,8,12,1.22
2008,8,13,1.71
2008,8,14,1.61
2008,8,15,1.55
2008,8,16,1.39
2008,8,17,1.35
2008,8,18,1.56
2008,8,19,1.89
2008,8,2,0.70
2008,8,20,1.23
2008,8,21,1.45
2008,8,22,1.53
2008,8,23,1.51
2008,8,24,1.49
2008,8,25,1.39
2008,8,26,1.28
2008,8,27,1.36
2008,8,28,1.34
2008,8,29,1.38
2008,8,3,0.89
2008,8,30,1.26
2008,8,31,1.07
2008,8,4,0.98
2008,8,5,1.12
2008,8,6,1.21
2008,8,7,1.27
2008,8,8,1.32
2008,8,9,1.52
2008,9,1,1.11
2008,9,10,1.29
2008,9,11,1.49
2008,9,12,1.55
2008,9,13,1.98
2008,9,14,1.57
2008,9,15,1.53
2008,9,16,1.48
2008,9,17,1.51
2008,9,18,1.52
2008,9,19,1.51
2008,9,2,1.23
2008,9,20,1.31
2008,9,21,1.19
2008,9,22,1.16
2008,9,23,1.19
2008,9,24,1.20
2008,9,25,1.23
2008,9,26,1.21
2008,9,27,1.15
2008,9,28,1.30
2008,9,29,1.40
2008,9,3,1.00
2008,9,30,1.39
2008,9,31,0.00
2008,9,4,0.99
2008,9,5,0.99
2008,9,6,0.99
2008,9,7,1.14
2008,9,8,1.36
2008,9,9,1.27
