1987                    CORONAL INDEX OF SOLAR ACTIVITY                    1987
Lomnicky Peak Sta     Full-Disk Fe XIV Emission (530.3 nm)    Units=10**16 W/sr
===============================================================================
Day   Jan   Feb   Mar    Apr   May   Jun    Jul   Aug   Sep    Oct   Nov   Dec
-------------------------------------------------------------------------------
 1    1.56  1.49  1.96   1.85  2.58  3.80   2.95  4.56  4.09   4.59  6.15  5.49
 2    1.55  1.46  1.96   1.91  3.24  4.02   3.50  4.49  4.31   4.47  6.91  5.37
 3    1.53  1.54  2.01   1.86  3.60  4.18   3.24  4.17  4.45   4.26  6.77  5.48
 4    1.52  1.46  1.95   1.97  3.81  4.22   3.45  4.16  4.09   4.34  6.79  5.10
 5    1.52  1.43  1.91   1.91  4.13  4.10   3.36  4.45  3.67   4.48  7.13  5.25

 6    1.62  1.55  1.91   2.22  3.90  4.11   3.18  3.86  4.29   4.66  7.54  5.35
 7    1.78  1.42  1.92   2.50  4.08  4.31   3.39  3.91  4.48   5.42  7.13  5.35
 8    1.90  1.09  2.00   2.69  4.11  4.31   4.06  4.06  4.78   5.80  7.55  5.64
 9    1.86  1.02  1.96   2.80  4.12  4.34   4.52  4.33  5.17   5.90  6.29  5.95
10    1.80  1.38  1.93   3.03  3.85  4.44   4.30  4.64  4.96   6.04  6.22  6.00

11    1.84  1.37  1.95   3.25  4.07  4.68   4.29  4.30  5.23   6.11  6.15  6.23
12    1.94  1.38  1.78   3.48  4.29  4.69   4.16  4.62  5.31   6.01  6.05  6.22
13    2.02  1.33  1.98   3.61  4.64  4.69   4.35  4.81  5.42   6.29  5.68  6.02
14    2.66  0.96  2.02   3.86  4.38  4.68   4.86  4.94  5.15   5.58  5.64  5.98
15    2.43  1.12  1.77   4.28  4.58  4.49   5.15  4.97  5.15   5.00  5.03  5.78

16    2.66  1.30  1.81   4.47  4.68  4.39   3.61  5.12  5.22   5.15  5.49  5.60
17    3.01  1.25  2.09   4.41  4.74  4.21   4.28  5.18  4.73   5.10  5.15  5.52
18    3.00  1.20  2.19   4.29  4.53  4.06   4.11  5.25  4.55   5.12  5.17  5.45
19    2.86  1.30  2.18   3.89  4.22  4.12   4.57  5.59  4.61   5.09  5.27  5.36
20    3.16  1.36  2.11   3.82  3.73  4.06   5.20  5.78  4.51   4.86  5.59  5.46

21    2.77  1.51  2.08   4.48  3.75  4.02   4.90  5.50  4.53   4.74  5.30  5.90
22    2.49  1.59  2.14   3.67  3.85  4.15   5.05  5.75  4.52   4.84  5.75  5.78
23    2.33  1.68  2.22   2.81  3.96  4.46   5.46  5.55  3.59   5.05  5.99  5.71
24    2.27  1.68  2.17   2.33  3.98  4.58   5.44  5.18  4.16   5.20  5.68  5.73
25    2.24  2.02  2.02   2.20  3.67  4.18   5.55  5.27  4.18   5.43  5.73  5.22

26    2.21  2.01  2.13   2.34  3.66  4.14   5.45  4.79  4.26   5.77  5.54  5.52
27    2.11  1.92  2.17   2.48  3.72  3.91   5.25  4.48  4.32   6.11  5.54  5.47
28    1.98  1.93  2.26   2.25  3.86  3.82   5.17  4.74  4.60   6.28  5.47  5.32
29    1.81        2.14   2.24  3.88  3.74   4.91  4.37  4.48   6.23  5.58  4.96
30    1.91        1.90   2.31  3.32  3.61   4.97  4.02  4.65   6.08  5.46  4.90

31    1.81        1.85         2.92         4.61  4.26         6.22        4.71
-------------------------------------------------------------------------------
Mean  2.13  1.46  2.02   2.97  3.93  4.22   4.43  4.75  4.58   5.36  5.99  5.54
-------------------------------------------------------------------------------
                                                        1987 Yearly Mean = 3.96
