1965                    CORONAL INDEX OF SOLAR ACTIVITY                    1965
Slovak Academy       Fill-Disk Fe Emission (530.3 nm)         Units=10**16 W/sr
===============================================================================
Day    Jan   Feb   Mar    Apr   May   Jun    Jul   Aug   Sep    Oct   Nov   Dec
-------------------------------------------------------------------------------
 1    2.85  2.69  2.75   2.18  2.54  3.01   2.82  3.17  2.73   2.99  2.22  2.36
 2    3.09  2.74  2.67   2.22  2.47  3.19   2.67  3.35  2.82   2.93  2.26  2.38
 3    2.99  2.73  2.56   2.09  2.42  3.49   3.12  4.12  2.78   2.97  2.18  2.36
 4    3.26  2.83  2.45   2.30  2.39  3.56   2.83  3.85  2.67   3.05  2.16  2.35
 5    2.93  3.18  2.66   2.10  2.45  3.69   3.06  3.63  2.55   2.79  2.21  2.35

 6    2.99  3.24  2.77   2.14  2.52  3.67   3.28  3.51  2.48   2.96  2.15  2.52
 7    3.11  3.27  2.65   2.15  2.45  3.60   3.61  3.58  2.42   3.00  2.16  2.64
 8    2.61  3.35  2.56   2.13  2.43  3.81   3.39  3.64  2.65   2.93  2.29  2.68
 9    2.80  3.31  2.53   2.11  2.54  3.93   3.47  3.67  2.26   2.81  2.32  2.75
10    2.29  3.37  2.45   2.14  2.60  3.57   3.39  3.23  2.53   2.64  2.39  2.82

11    2.31  3.31  2.31   2.05  2.69  3.81   3.08  3.32  2.51   2.37  2.52  2.85
12    2.24  3.15  2.30   2.09  2.57  3.80   3.42  3.14  2.60   2.39  2.51  2.84
13    2.33  2.81  2.04   1.99  2.47  3.54   3.16  3.36  2.55   2.13  2.49  2.62
14    2.34  2.60  2.00   1.91  2.68  3.62   3.02  3.20  2.87   2.06  2.47  2.52
15    2.34  2.37  2.05   2.28  2.93  3.72   3.12  3.12  2.42   2.03  2.45  2.55

16    2.12  2.29  2.13   2.08  2.99  3.69   3.05  3.48  2.58   2.04  2.42  2.53
17    2.35  2.23  2.17   2.16  2.91  3.64   2.83  3.09  2.49   1.98  2.43  2.49
18    2.06  2.55  2.24   2.25  2.88  3.79   2.77  3.50  2.51   1.98  2.16  2.40
19    2.22  2.26  2.17   2.32  2.93  3.39   2.73  3.03  2.36   1.93  2.14  2.35
20    2.22  2.33  2.17   2.42  3.03  3.08   2.71  2.87  2.45   2.06  2.19  2.40

21    2.13  2.01  2.24   2.51  3.03  3.11   2.95  2.73  2.22   2.33  2.25  2.37
22    2.01  2.25  2.29   2.38  2.99  3.01   2.93  2.80  2.35   2.58  2.22  2.24
23    2.03  2.45  2.30   2.35  3.13  3.18   2.83  2.58  2.68   2.84  2.17  2.17
24    2.09  2.64  2.31   2.40  3.21  3.65   2.73  2.64  2.72   2.86  2.10  2.13
25    1.94  2.52  2.26   2.37  3.29  2.90   2.67  2.45  2.63   2.70  2.12  2.18

26    2.14  2.46  2.12   2.31  3.29  2.89   2.72  2.56  2.74   2.63  2.15  2.19
27    2.15  2.63  2.14   2.21  3.40  2.99   2.76  2.57  2.78   2.77  2.17  2.19
28    2.16  2.77  2.14   2.10  3.51  2.65   2.91  2.62  3.19   2.67  2.17  2.18
29    2.52  0.00  2.18   2.10  3.95  3.07   3.00  2.61  3.18   2.43  2.18  2.27
30    2.52  0.00  2.27   2.61  3.40  2.88   2.93  2.66  3.06   2.23  2.29  2.16

31    2.61  0.00  2.07   0.00  3.20  0.00   2.78  2.67  0.00   2.05  0.00  2.10
-------------------------------------------------------------------------------
Mean  2.44  2.73  2.32   2.21  2.88  3.40   2.99  3.12  2.63   2.52  2.26  2.42
-------------------------------------------------------------------------------
                                                        1965 Yearly Mean = 2.66
