1946                    CORONAL INDEX OF SOLAR ACTIVITY                    1946
Slovak Academy       Fill-Disk Fe Emission (530.3 nm)         Units=10**16 W/sr
===============================================================================
Day    Jan   Feb   Mar    Apr   May   Jun    Jul   Aug   Sep    Oct   Nov   Dec
-------------------------------------------------------------------------------
 1    2.08  7.33  8.47   8.18 10.47  7.10   6.62  8.53 10.73   9.67 10.54  9.79
 2    2.07  7.37  8.50   8.21 10.36  6.96   6.43  9.76 10.63   9.81 10.47  9.78
 3    2.10  7.41  8.49   8.11 10.24  7.03   6.11  9.87 10.34   9.50 10.41  9.75
 4    2.18  7.45  8.61   8.17 10.13  7.07   6.11 10.20 10.58   9.18 10.37  9.73
 5    2.32  7.49  8.82   7.31 10.01  7.09   6.26 10.23 10.55   8.75 10.35  9.71

 6    2.48  7.54  8.66   6.55  9.89  7.13   6.22 10.15  8.95   8.44 10.33  9.68
 7    2.68  7.58  8.37   7.00  9.78  7.45   6.09 10.29  9.19   8.27 10.31  9.68
 8    2.99  7.63  7.97   8.16  9.68  7.16   5.94 10.83  9.48   8.61 10.29  9.65
 9    3.31  7.67  7.41   8.68  9.56  7.69   5.94 10.22  9.77   8.56 10.27  9.62
10    3.66  7.72  7.06   9.03  9.45  7.70   5.82  9.97  9.78   8.48 10.24  9.60

11    4.02  7.76  7.22   9.20  9.33  7.72   6.46  9.24  9.63   8.22 10.23  9.57
12    4.40  7.83  6.26   9.47  9.22  7.76   6.31  8.64  9.30   8.44 10.20  9.55
13    4.81  7.84  6.13   9.89  9.10  7.78   6.08  8.59  9.85   9.08 10.18  9.53
14    5.26  7.89  5.92   8.37  9.01  7.81   6.38  9.97  9.68   9.46 10.16  9.51
15    5.73  7.93  5.76  10.09  8.87  7.94   6.12  8.47  9.33   9.66 10.13  9.52

16    6.24  7.97  5.73   9.96  8.76  7.88   5.98  9.64  8.84   9.87 10.11  9.67
17    6.70  8.01  5.77   9.85  8.64  7.82   6.25  9.44  8.32  10.11 10.10  9.85
18    7.14  8.05  5.21   9.49  8.52  7.77   6.60  9.89  7.62  10.47 10.07 10.01
19    7.56  8.09  6.93   9.48  8.41  7.69   6.66 10.39  6.99  10.86 10.04 10.14
20    7.83  8.13  7.16   9.24  8.30  7.62   7.96 11.08  6.31  10.90 10.03 10.25

21    7.97  8.17  7.38  10.26  8.18  7.56   7.47  9.56  6.77  10.93 10.01 10.44
22    7.95  8.21  7.65  10.36  8.06  7.47   6.09 10.08  7.33  10.99  9.98 10.56
23    7.85  8.25  7.98  10.46  7.95  7.38   6.82 10.46  8.08  11.05  9.96 10.76
24    7.72  8.30  8.40  10.54  7.83  7.28   8.01 11.67  6.96  11.07  9.96 10.67
25    7.57  8.33  9.07  10.64  7.72  7.12   8.10 11.54  7.76  11.07  9.92 10.57

26    7.36  8.38  9.32  10.74  7.60  6.94   8.41 11.50  8.84  11.06  9.90 10.58
27    7.23  8.42  9.48  10.94  7.49  6.69   8.39 11.22  9.64  11.01  9.88 10.69
28    7.16  8.45  9.61  10.82  7.38  6.54   6.93 10.33  9.98  10.93  9.86 11.08
29    7.22  0.00  9.67  10.71  7.26  6.48   8.53 10.98  9.94  10.83  9.84 11.75
30    7.25  0.00  9.38  10.59  7.14  6.48   8.81 11.48  9.36  10.71  9.82 12.12

31    7.29  0.00  8.77   0.00  7.03  0.00   8.72 10.98  0.00  10.62  0.00 12.59
-------------------------------------------------------------------------------
Mean  5.42  7.90  7.78   9.35  8.75  7.34   6.86 10.17  9.02   9.89 10.13 10.21
-------------------------------------------------------------------------------
                                                        1946 Yearly Mean = 8.57
