1974                    CORONAL INDEX OF SOLAR ACTIVITY                    1974
Lomnicky Peak Sta     Full-Disk Fe XIV Emission (530.3 nm)    Units=10**16 W/sr
===============================================================================
Day   Jan   Feb   Mar    Apr   May   Jun    Jul   Aug   Sep    Oct   Nov   Dec
-------------------------------------------------------------------------------
 1    2.55  2.10  2.70   2.20  3.72  5.20   5.58  5.49  4.89   4.46  4.30  7.38
 2    2.56  2.20  2.67   2.27  4.26  4.94   5.84  5.25  4.90   4.30  4.15  7.91
 3    2.46  2.56  2.87   2.61  4.76  5.88   6.38  5.00  5.10   5.40  4.16  8.12
 4    2.45  2.89  3.03   3.12  5.20  5.31   7.07  4.46  5.50   5.80  4.42  8.81
 5    2.84  3.40  3.77   3.42  5.58  4.93   7.10  5.34  5.60   6.25  4.69  7.92

 6    3.18  3.65  4.18   3.86  6.03  5.20   7.10  4.44  5.30   6.86  4.63  7.01
 7    3.19  3.80  3.45   4.00  6.31  5.43   6.67  4.18  6.10   7.16  4.70  6.30
 8    3.65  4.03  3.60   4.64  6.74  5.59   6.26  4.20  5.70   6.95  4.64  5.92
 9    4.03  5.02  3.65   4.86  6.91  6.15   6.64  3.93  6.40   7.08  4.88  5.72
10    4.85  5.48  3.60   4.90  6.97  6.30   6.98  3.75  6.25   7.09  5.07  6.25

11    5.38  4.72  3.70   5.28  6.85  5.84   6.15  4.29  6.70   7.62  4.83  5.30
12    5.09  4.76  3.42   5.58  6.60  6.58   5.49  4.30  7.10   8.07  4.44  4.40
13    5.01  4.62  3.36   5.60  6.50  6.47   4.85  4.09  6.95   7.92  4.54  4.26
14    5.30  4.42  3.33   5.94  6.19  6.41   4.91  4.80  6.82   7.13  4.06  4.14
15    5.62  4.32  3.17   4.95  5.65  6.26   5.36  4.70  6.78   6.88  3.96  4.30

16    5.46  4.02  3.03   5.66  5.21  6.17   5.50  5.36  6.70   6.80  3.93  4.57
17    5.73  3.02  3.18   5.22  4.84  6.08   5.57  6.03  5.42   6.88  3.88  4.23
18    5.48  3.10  3.42   4.74  4.86  6.01   5.58  6.19  4.98   6.07  3.74  4.29
19    5.67  3.02  3.08   4.25  5.12  5.72   5.72  6.68  5.36   5.17  3.63  4.67
20    5.58  3.31  2.73   3.81  4.65  5.28   6.85  6.28  5.47   4.32  3.78  4.81

21    5.44  3.43  3.06   3.14  4.36  4.95   7.59  5.72  4.16   3.85  3.94  5.04
22    4.96  3.34  3.00   2.86  4.04  4.72   8.16  5.90  3.95   3.94  4.03  5.16
23    5.36  3.14  2.93   2.42  4.11  4.56   8.39  5.64  3.55   4.11  4.18  4.96
24    4.58  3.13  2.80   1.91  3.87  4.50   8.10  5.31  3.10   4.17  4.24  4.85
25    4.00  3.09  2.59   1.88  4.01  4.46   7.82  5.33  3.60   4.28  3.89  4.72

26    3.16  3.17  2.41   1.89  4.19  4.87   7.71  4.64  3.30   4.49  4.34  4.58
27    2.81  2.80  2.40   2.06  3.97  4.71   7.53  4.84  3.35   4.51  4.87  4.54
28    2.60  2.89  2.19   2.35  5.10  4.70   7.41  5.18  3.50   4.50  5.93  4.44
29    2.39        2.17   2.75  5.74  4.73   6.86  4.53  3.52   4.43  6.89  4.37
30    2.32        2.07   3.18  5.06  5.38   6.46  4.57  3.70   4.46  7.24  4.06

31    2.28        2.24         5.21         5.79  5.20         4.40        3.81
-------------------------------------------------------------------------------
Mean  4.06  3.55  3.02   3.71  5.25  5.45   6.56  5.02  5.12   5.66  4.53  5.38
-------------------------------------------------------------------------------
                                                        1974 Yearly Mean = 4.79
