1966                    CORONAL INDEX OF SOLAR ACTIVITY                    1966
Slovak Academy       Fill-Disk Fe Emission (530.3 nm)         Units=10**16 W/sr
===============================================================================
Day    Jan   Feb   Mar    Apr   May   Jun    Jul   Aug   Sep    Oct   Nov   Dec
-------------------------------------------------------------------------------
 1    2.12  2.82  3.01   2.55  5.38  5.52   4.51  6.89  4.70   4.63  5.06  6.11
 2    2.23  2.88  2.63   2.61  5.09  5.79   4.09  6.41  4.70   5.15  4.82  6.23
 3    2.27  2.62  2.36   2.94  4.77  5.95   4.65  5.95  4.73   5.42  4.85  6.36
 4    2.39  2.50  2.24   3.46  5.25  5.93   4.59  5.80  5.37   4.17  4.84  6.73
 5    2.54  2.38  2.15   3.49  5.33  6.01   4.89  5.95  4.97   5.00  6.51  6.51

 6    2.75  2.60  2.25   3.61  4.88  6.07   4.93  6.26  4.82   4.88  5.90  6.56
 7    2.94  2.82  2.45   3.80  4.55  6.52   5.49  6.21  4.93   4.76  5.92  6.60
 8    3.05  3.06  2.60   3.96  4.61  6.90   5.65  5.87  4.98   4.99  6.78  6.66
 9    2.81  3.00  3.03   4.04  4.38  6.70   5.39  5.25  4.71   5.10  6.64  6.76
10    2.93  3.37  3.27   4.01  4.69  6.62   5.76  5.32  4.91   4.92  6.25  6.80

11    3.08  3.64  3.32   4.65  5.05  7.09   5.93  5.59  4.93   5.83  6.60  6.98
12    3.22  4.07  3.67   4.51  5.00  6.78   5.66  4.71  5.06   6.28  6.05  7.07
13    3.43  3.74  3.87   4.84  5.50  6.50   6.81  4.33  6.10   6.15  5.77  7.22
14    3.51  3.77  4.09   4.98  5.58  6.42   6.25  4.09  6.16   6.13  5.69  7.16
15    3.53  3.71  4.60   5.24  5.62  6.03   5.43  4.37  6.01   6.46  5.24  6.97

16    3.61  3.47  4.36   5.45  5.57  5.82   5.48  4.95  6.49   6.81  5.01  6.50
17    3.57  3.12  4.63   6.23  5.59  5.50   5.53  6.04  6.50   6.71  4.99  6.60
18    3.43  3.31  4.52   6.59  5.77  5.26   5.52  5.60  6.50   6.80  5.08  6.54
19    3.27  3.32  4.69   6.73  6.31  4.91   5.68  5.70  7.82   6.93  5.23  6.47
20    3.37  3.26  4.79   6.90  6.28  4.93   5.19  5.88  6.09   6.56  5.33  6.46

21    3.53  3.10  4.71   6.87  6.02  4.88   4.98  6.04  6.21   6.70  5.52  6.31
22    3.81  3.14  4.05   7.31  5.87  4.74   5.08  6.00  5.93   6.48  6.08  6.06
23    3.66  3.11  4.03   8.32  6.11  4.83   5.20  6.25  5.89   5.75  5.93  7.09
24    3.61  3.51  3.77   8.62  5.90  5.13   5.09  6.35  6.00   5.83  6.28  7.07
25    3.57  3.78  3.77   7.90  5.92  4.68   5.11  5.79  5.61   5.69  6.55  6.94

26    3.82  3.13  3.72   6.99  5.36  4.38   6.37  5.86  5.05   5.15  6.68  6.56
27    3.74  2.93  3.58   5.86  5.13  4.37   6.96  5.64  5.24   4.98  6.77  6.46
28    3.51  3.04  3.29   6.82  5.11  4.23   6.12  5.42  3.88   4.87  7.27  6.73
29    2.88  0.00  3.07   6.39  4.89  4.59   6.42  6.02  4.54   4.89  5.81  7.33
30    2.77  0.00  2.65   5.57  4.55  4.48   6.16  6.00  4.73   5.59  5.97  8.04

31    2.71  0.00  2.59   0.00  5.06  0.00   6.42  4.70  0.00   5.37  0.00  8.89
-------------------------------------------------------------------------------
Mean  3.15  3.19  3.48   5.37  5.33  5.59   5.53  5.65  5.45   5.64  5.85  6.80
-------------------------------------------------------------------------------
                                                        1966 Yearly Mean = 5.10
