1957                    CORONAL INDEX OF SOLAR ACTIVITY                    1957
Lomnicky Peak Sta     Full-Disk Fe XIV Emission (530.3 nm)    Units=10**16 W/sr
===============================================================================
Day   Jan   Feb   Mar    Apr   May   Jun    Jul   Aug   Sep    Oct   Nov   Dec
-------------------------------------------------------------------------------
 1   11.15 12.15  8.77   9.30  9.67  9.46  10.21  9.32  9.38   9.74 12.24 11.75
 2   10.34 11.93  8.70   9.71  9.35  9.11  10.30  9.25  9.30   9.84 12.24 11.74
 3   10.29 11.39  8.46  10.17  9.32  8.95  10.74  9.68  9.28   9.80 12.54 11.60
 4   10.13 11.60  9.26  10.81  9.11  9.18   9.47  9.72 10.16   9.60 12.40 11.94
 5   10.08 11.72  8.93  10.09  9.10  9.29   9.70  8.80 10.10  10.54 12.97 12.39

 6    9.55 10.85  8.13   9.13  9.39  9.89   9.88  9.75  9.53   9.77 13.57 11.81
 7    9.07 10.06  8.57  10.02  9.42 10.39   9.70  9.33  9.07  10.19 12.64 13.14
 8    8.57 10.35  8.54   9.97  9.16 10.70  10.30  9.88  8.80  11.51 12.21 12.03
 9    8.69 10.85  8.57   9.89 10.50 10.70  10.13 10.01  9.82  10.24 12.79 11.56
10    8.84 11.30  8.94   9.82 10.64 11.03   9.58  9.26  9.25  10.43 11.66 11.35

11    9.55 11.64  9.31   9.56 10.18 11.32   9.62 10.04  9.47  12.25 11.88 12.18
12    9.31 12.00  9.10   9.73  9.70 11.60   9.59 10.19  9.71  11.09 11.75 11.20
13    9.52 12.29  9.42   9.73  9.66 11.85   9.43 10.60 10.11  10.54 11.17 10.66
14    9.52 12.85 10.14   9.74  9.69 12.18   9.89 10.52 10.61  11.95 10.59 10.33
15    9.65 13.06 10.42   9.81  9.81 12.72   9.90 10.38 12.21  10.03 10.56 10.25

16    9.81 12.87 11.34   9.50  9.85 11.79  10.22 10.03 12.41  11.28 11.13 10.04
17    9.88 12.87 11.74   9.73  9.65 11.91  10.10 10.51 12.95  11.54 11.32 10.22
18    9.77 13.00 12.00   9.97  9.92 12.05  10.08 10.30 13.45  11.09 10.96 10.29
19   10.15 13.07 11.91  10.03 10.28 12.12  10.17 10.49 13.90  10.72 11.30  9.98
20   10.58 12.50 11.60  10.13 10.19 12.09  10.17  9.44 14.29  11.35 11.29 10.20

21   10.79 11.98 11.26  10.51 10.10 11.55  10.10  9.60 14.14  11.77 10.91 10.52
22   11.46 11.32 11.21  11.02 10.56 10.67  10.05  9.27 13.59  11.24 11.97 10.39
23   11.79 11.08 10.75  10.39 11.19 11.04  10.06  9.59 12.66  11.04 10.95 11.68
24   12.09 10.86 10.45  11.10 10.97 10.64  10.24  9.73 12.33  11.19 10.61 12.06
25   12.36 10.64  9.97  11.07 10.70 10.87  10.23  9.41 11.70  11.08 11.17 10.51

26   12.62 10.39  9.45  11.59 10.35 10.77  10.24  9.32 11.08  11.35 10.63 10.97
27   12.29 10.05  9.25  12.05  9.91 10.86   9.87  9.18 10.41  12.09 10.36 11.50
28   12.01  8.57  9.33  11.49  9.70 10.34   9.73  8.66 10.29  11.42 10.69 11.31
29   12.07        9.61   9.96  9.55 10.42  10.06  9.26  9.79  11.62 10.86 11.96
30   12.32        9.99  10.15  9.09  9.93   9.72  9.28  9.83  12.02 10.65 11.97

31   12.24        9.20         9.16         9.72  9.24        12.60       11.46
-------------------------------------------------------------------------------
Mean 10.53 11.54  9.82  10.21  9.87 10.85   9.97  9.68 10.99  11.00 11.53 11.26
-------------------------------------------------------------------------------
                                                       1957 Yearly Mean = 10.59
