1940                    CORONAL INDEX OF SOLAR ACTIVITY                    1940
Slovak Academy       Fill-Disk Fe Emission (530.3 nm)         Units=10**16 W/sr
===============================================================================
Day    Jan   Feb   Mar    Apr   May   Jun    Jul   Aug   Sep    Oct   Nov   Dec
-------------------------------------------------------------------------------
 1   12.08 11.05 12.01  11.89 11.63 11.49  11.33 10.39  9.83   9.96 11.12 10.78
 2   11.92 10.84 12.17  11.88 11.62 11.49  11.24 10.38  9.81  10.29 11.11 10.77
 3   11.72 10.30 12.32  11.87 11.61 11.48  11.13 10.35  9.79  10.78 11.10 10.77
 4   11.54  9.92 12.39  11.85 11.61 11.48  10.98 10.34  9.77  11.22 11.09 10.75
 5   11.35  9.67 12.39  11.84 11.61 11.48  10.89 10.32  9.75  11.59 11.08 10.74

 6   11.17 10.40 12.33  11.81 11.61 11.48  10.78 10.31  9.73  11.78 11.07 10.73
 7   10.99 10.52 12.26  11.80 11.60 11.48  10.61 10.29  9.71  12.09 11.06 10.72
 8   10.81 10.63 12.19  11.77 11.59 11.47  10.43 10.27  9.70  12.16 11.05 10.71
 9   10.62 10.69 12.10  11.75 11.59 11.46  10.25 10.25  9.68  12.07 11.04 10.69
10   10.44 10.83 11.99  11.73 11.58 11.46  10.06 10.23  9.66  11.75 11.03 10.68

11   10.26 11.03 11.92  11.72 11.58 11.46  10.33 10.21  9.64  11.61 11.02 10.66
12   10.07 11.33 11.92  11.70 11.58 11.45  10.37 10.20  9.62  11.51 11.00 10.66
13    9.89 11.48 11.95  11.69 11.57 11.46  10.36 10.18  9.60  11.55 10.99 10.65
14    9.70 11.64 12.00  11.68 11.56 11.44  10.38 10.16  9.59  11.34 10.98 10.64
15    9.52 11.80 12.02  11.68 11.56 11.44  10.43 10.14  9.57  11.31 10.97 10.63

16    9.38 11.80 12.04  11.68 11.57 11.44  10.51 10.12  9.55  11.32 10.96 10.62
17    9.40 11.81 12.04  11.68 11.56 11.43  10.68 10.11  9.53  11.40 10.95 10.60
18    9.39 11.83 12.04  11.67 11.56 11.42  10.66 10.09  9.51  11.42 10.94 10.59
19    9.39 11.83 12.03  11.67 11.55 11.42  10.64 10.08  9.49  11.39 10.93 10.58
20    9.41 11.82 12.02  11.65 11.54 11.41  10.63 10.05  9.48  11.27 10.92 10.56

21    9.42 11.80 12.01  11.64 11.54 11.41  10.61 10.03  9.45  11.26 10.90 10.55
22    9.54 11.50 12.00  11.64 11.55 11.41  10.59 10.01  9.48  11.25 10.89 10.53
23    9.88 11.50 11.98  11.64 11.53 11.40  10.57  9.99  9.54  11.24 10.88 10.48
24   10.08 11.52 11.97  11.64 11.53 11.40  10.55  9.96  9.65  11.23 10.86 10.41
25   10.35 11.56 11.97  11.64 11.52 11.40  10.53  9.95  9.72  11.22 10.85 10.32

26   10.91 11.60 11.95  11.64 11.52 11.39  10.51  9.93  9.77  11.21 10.84 10.21
27   11.24 11.64 11.95  11.63 11.52 11.39  10.49  9.92  9.81  11.19 10.82 10.07
28   11.36 11.69 11.93  11.64 11.51 11.39  10.47  9.90  9.87  11.18 10.81  9.93
29   11.32 11.86 11.92  11.63 11.50 11.39  10.45  9.88  9.87  11.16 10.80  9.79
30   11.02  0.00 11.91  11.63 11.50 11.38  10.43  9.86  9.78  11.15 10.79  9.50

31   11.08  0.00 11.90   0.00 11.49  0.00  10.41  9.84  0.00  11.14  0.00  9.15
-------------------------------------------------------------------------------
Mean 10.49 11.22 12.05  11.71 11.56 11.44  10.59 10.12  9.66  11.32 10.96 10.47
-------------------------------------------------------------------------------
                                                        1940 Yearly Mean =10.96
