1969                    CORONAL INDEX OF SOLAR ACTIVITY                    1969
Slovak Academy       Fill-Disk Fe Emission (530.3 nm)         Units=10**16 W/sr
===============================================================================
Day    Jan   Feb   Mar    Apr   May   Jun    Jul   Aug   Sep    Oct   Nov   Dec
-------------------------------------------------------------------------------
 1   12.69 12.89 13.38  10.06  9.43 11.72  12.96 15.62 15.52  12.02 11.19 10.67
 2   12.75 13.71 12.95  10.13  9.06 11.69  12.58 15.88 15.57  12.46 11.73  9.86
 3   13.86 13.21 12.85  10.84  8.80 11.84  13.38 16.11 15.11  12.30 12.03  9.94
 4   13.01 12.84 13.02  10.83  8.49 12.63  13.04 16.54 14.73  12.54 11.07  9.81
 5   12.89 11.72 12.71  12.61  8.29 13.06  13.33 16.07 14.14  11.88 10.17  8.70

 6   11.95 12.18 12.44  11.98  8.33 13.35  13.15 16.50 13.54  12.17 10.29  7.97
 7   13.27 11.43 12.37  13.29  8.50 13.36  12.82 16.50 13.27  12.97 10.43  7.31
 8   12.98 11.62 11.20  12.55  8.59 13.13  12.70 15.23 12.98  13.22  9.96  7.62
 9   12.99 11.73 11.61  14.36  8.83 14.03  13.17 15.20 11.75  12.59  9.34  8.25
10   12.18 11.73 12.00  13.06  9.62 15.91  13.06 14.95 11.04  12.03  9.04  8.57

11   14.03 12.18 12.10  13.91  9.84 16.45  12.72 14.06  9.77  10.76  9.41  6.82
12   14.71 12.68 12.12  13.05 10.67 16.85  12.24 13.48  9.23  11.12  9.62  8.55
13   15.81 12.39 12.38  13.03 11.51 17.15  12.34 12.39  9.33  11.47  9.73  8.78
14   17.06 12.23 11.73  13.04 12.57 17.59  11.74 11.18  9.56  11.20  9.83  9.01
15   16.38 11.44 12.90  13.11 13.63 19.60  11.53 11.63  9.52  10.46  9.68  8.89

16   16.27 11.13 14.54  12.24 14.53 18.13  10.97 11.00  9.56  10.48 10.20  8.58
17   17.47 11.01 13.78  11.80 13.60 16.69  10.24 10.44  9.86  10.95  9.92  7.80
18   16.03 10.95 12.84  11.26 13.63 15.58  10.81 10.33 10.27  12.06  9.83  8.89
19   14.84 10.94 12.49  11.31 13.60 14.76  10.83 10.29 11.99  11.93 10.01  9.29
20   14.40 10.99 11.88  12.65 14.04 14.48  10.86 10.56 13.18  12.04 10.94  9.08

21   11.29 11.56 11.77  11.71 13.89 14.85  10.96 11.28 13.08  11.30  9.75  9.80
22   11.73 12.10 11.87  11.32 13.09 13.66  10.74 11.38 12.88  11.79 10.85 10.31
23   12.01 12.52 10.67  11.04 11.92 13.81  10.61 11.46 12.69  12.03 11.11 10.81
24   12.19 12.82 10.22  11.43 11.42 13.97  10.81 11.81 12.69  12.04 12.01 11.26
25   11.97 13.01 10.66  11.32 12.03 13.76  10.43 13.23 12.95  11.67 12.43 11.28

26   12.08 13.66 10.54  11.33 12.24 13.29  10.56 13.64 12.62  11.60 12.51 11.12
27   12.09 14.09 11.07  10.78 11.92 12.69  11.24 14.10 12.46  12.59 11.89 10.95
28   11.95 13.64 10.80  10.29 11.12 12.55  12.95 14.35 12.52  12.40 12.41 11.05
29   12.41  0.00 10.37   9.76 10.60 12.70  12.72 14.48 12.02  12.05 12.40 10.76
30   12.57  0.00 10.53   9.24 10.54 13.30  13.20 14.92 11.56  11.45 11.76 10.32

31   12.84  0.00  9.67   0.00 10.94  0.00  14.67 15.49  0.00  11.45  0.00  9.70
-------------------------------------------------------------------------------
Mean 13.51 12.23 11.92  11.78 11.14 14.42  12.04 13.55 12.18  11.84 10.72  9.41
-------------------------------------------------------------------------------
                                                        1969 Yearly Mean =12.06
