1995                    CORONAL INDEX OF SOLAR ACTIVITY                    1995
Slovak Academy       Full-Disk Fe XIV Emission (530.3 nm)     Units=10**16 W/sr
===============================================================================
Day   Jan   Feb   Mar    Apr   May   Jun    Jul   Aug   Sep    Oct   Nov   Dec
-------------------------------------------------------------------------------
 1    4.04  3.99  3.88   3.55  3.27  3.16   3.38  4.76  5.34   4.17  3.48  3.28
 2    4.23  3.82  3.59   3.61  3.02  3.24   3.39  4.84  5.47   4.09  3.60  3.27
 3    4.32  3.96  3.61   3.64  3.13  3.45   3.13  4.89  5.63   3.66  3.76  3.41
 4    4.41  4.27  3.64   3.54  3.17  3.52   2.91  5.26  5.82   3.09  3.90  3.51
 5    4.24  4.35  3.79   3.44  3.22  3.68   2.62  5.56  5.97   2.73  4.07  3.58

 6    4.11  4.49  3.91   3.25  3.30  3.71   2.37  5.82  5.96   3.08  3.92  3.62
 7    4.02  4.67  3.96   3.10  3.40  3.92   2.22  5.96  5.88   3.37  3.95  3.58
 8    3.99  4.94  3.92   2.91  3.48  4.05   2.22  5.98  5.69   3.45  4.01  3.65
 9    4.10  5.35  3.92   2.83  3.36  4.18   1.95  6.01  5.42   3.48  4.18  3.68
10    4.33  5.54  3.77   2.79  3.31  4.13   2.13  6.03  5.15   3.61  4.29  3.79

11    4.32  4.54  3.45   2.71  3.33  4.21   2.34  5.85  4.87   3.81  4.46  3.69
12    4.33  4.26  3.13   2.75  3.42  4.28   2.55  5.66  4.62   3.90  4.28  3.68
13    4.33  3.75  3.04   2.87  3.39  4.22   2.79  5.48  4.48   4.22  4.46  3.66
14    3.83  3.71  3.11   2.98  3.23  4.08   3.08  5.25  4.36   4.60  4.56  3.56
15    3.95  3.77  3.18   3.14  3.10  3.84   3.34  5.09  4.30   4.82  4.65  3.32

16    4.05  3.96  3.23   3.57  3.17  3.52   3.64  4.91  4.36   4.89  4.49  3.10
17    3.58  3.61  3.33   3.95  3.56  3.26   3.83  4.72  4.47   4.95  4.35  3.03
18    3.43  3.65  3.51   4.16  3.81  3.05   4.01  4.58  4.59   5.00  4.07  2.99
19    3.28  3.72  3.64   4.32  3.71  2.87   3.90  4.48  4.66   5.03  3.97  2.96
20    3.06  3.90  3.70   4.41  3.60  2.81   4.18  4.33  4.63   5.14  3.72  2.87

21    3.26  4.21  3.73   4.55  3.45  2.76   4.44  4.38  4.60   4.82  3.82  2.81
22    3.45  4.37  3.72   4.72  3.32  2.82   4.22  4.43  4.65   4.45  3.68  2.70
23    3.65  4.09  3.79   4.46  3.14  2.92   4.09  4.49  4.66   4.18  3.84  2.80
24    3.93  4.31  3.81   3.97  2.97  3.00   4.14  4.54  4.63   3.91  4.01  2.84
25    4.16  4.51  3.77   3.64  2.92  3.05   4.06  4.60  4.64   3.64  3.89  2.91

26    4.34  4.54  3.71   3.39  3.15  3.11   4.69  4.65  4.83   3.51  3.53  3.00
27    4.58  4.44  3.58   3.48  2.95  3.21   4.89  4.75  4.88   3.47  3.72  3.11
28    4.77  4.15  3.47   3.53  2.93  3.37   4.04  4.85  4.73   3.32  3.50  3.12
29    4.84        3.45   3.64  2.87  3.53   4.30  4.96  4.37   3.34  3.59  3.27
30    4.77        3.43   3.49  3.01  3.46   4.52  5.08  4.22   3.36  3.76  3.16

31    4.30        3.43         2.94         4.60  5.20         3.38        3.23
-------------------------------------------------------------------------------
Mean  4.06  4.25  3.59   3.55  3.25  3.48   3.48  5.08  4.93   3.95  3.98  3.26
-------------------------------------------------------------------------------
                                                       1995 Yearly Mean = 3.90
