1978                    CORONAL INDEX OF SOLAR ACTIVITY                    1978
Lomnicky Peak Sta     Full-Disk Fe XIV Emission (530.3 nm)    Units=10**16 W/sr
===============================================================================
Day   Jan   Feb   Mar    Apr   May   Jun    Jul   Aug   Sep    Oct   Nov   Dec
-------------------------------------------------------------------------------
 1    5.23  5.87  8.12   7.17  6.11  6.36   6.39  6.44  7.44   7.97 12.51  5.75
 2    4.56  6.00  7.80   5.83  6.84  4.47   6.97  7.47  7.37   7.59 13.81  5.77
 3    4.42  6.18  7.94   5.87  6.56  4.08   8.98  7.01  7.61   7.78 12.74  5.43
 4    4.61  7.21  8.10   6.85  6.43  4.23   6.13  6.21  8.26   7.90 14.23  5.28
 5    4.68  7.62  8.25   5.29  6.18  4.30   5.90  5.82  7.65   8.20 13.46  5.20

 6    4.17  7.02  8.24   5.12  5.91  4.44   6.37  5.72  7.83   8.24 10.84  5.33
 7    3.90  7.58  8.17   6.07  5.52  4.72   5.55  5.73  9.40   8.66 12.50  5.69
 8    4.55  7.56  8.10   5.88  5.33  4.09   5.85  6.24  8.68   7.64 11.37  5.61
 9    5.42  7.10  7.72   6.37  4.93  4.09   5.85  6.08  9.26   8.48  9.92  4.89
10    6.21  7.48  7.57   6.59  4.47  4.17   5.09  5.76  9.47   8.19 10.33  5.53

11    6.59  6.03  7.43   5.31  4.10  4.16   5.26  5.96  9.35   8.89  9.64  5.87
12    5.79  4.92  7.26   5.21  3.96  4.58   5.76  6.11  9.35   7.53  8.42  6.40
13    6.14  5.85  7.35   6.40  3.84  4.37   5.68  6.51  9.16   8.58  8.61  6.63
14    6.98  5.13  7.44   7.25  3.70  4.62   5.87  7.23  8.74   7.44  8.96  6.63
15    6.46  4.54  7.33   6.21  5.24  4.82   5.84  7.08  8.28   9.25  8.64  7.23

16    5.78  4.68  7.26   5.00  4.78  5.33   5.67  7.13  7.66   7.93  9.75  8.56
17    4.88  4.90  6.91   4.87  4.17  5.78   5.94  7.13  6.60   7.45  8.39  7.72
18    4.51  5.05  6.49   4.76  4.15  5.69   5.68  6.62  6.81   7.42  7.64  7.97
19    4.52  5.25  6.66   5.36  4.52  5.52   5.54  6.90  6.29   7.93  7.45  7.41
20    4.76  5.24  6.52   5.67  4.44  5.67   5.82  7.32  6.20   8.20  8.09  6.84

21    4.85  5.27  6.03   4.79  4.71  5.80   5.52  5.68  6.05   8.25  8.53  6.45
22    5.19  5.52  5.68   4.38  4.02  5.89   6.21  6.61  6.75   7.30  9.21  5.98
23    5.40  6.67  5.58   5.26  3.70  6.01   5.98  6.45  6.61   7.57  7.92  5.25
24    5.56  6.27  5.52   4.62  3.57  5.57   6.07  6.41  7.05   8.10  8.16  5.02
25    5.61  6.26  5.68   5.62  4.82  5.35   6.45  6.33  7.26   8.74  6.94  4.52

26    5.98  7.39  5.89   6.25  4.80  5.81   7.56  6.41  7.32   8.90  7.20  4.14
27    6.04  7.60  5.80   5.12  4.69  7.62   7.03  5.97  7.94   9.27  7.21  4.08
28    5.92  7.83  5.81   5.35  4.70  7.11   8.30  6.05  9.25   8.86  6.85  4.19
29    5.75        6.47   5.53  4.75  7.31   6.84  8.86  7.83  10.13  6.24  4.31
30    5.82        5.99   5.64  4.74  6.94   6.70  6.23  8.10  10.95  6.13  4.82

31    5.69        6.26         4.91         6.67  6.33        11.25        5.61
-------------------------------------------------------------------------------
Mean  5.35  6.22  6.95   5.65  4.86  5.30   6.24  6.51  7.85   8.41  9.39  5.81
-------------------------------------------------------------------------------
                                                        1978 Yearly Mean = 6.54
