1953                    CORONAL INDEX OF SOLAR ACTIVITY                    1953
Lomnicky Peak Sta     Full-Disk Fe XIV Emission (530.3 nm)    Units=10**16 W/sr
===============================================================================
Day   Jan   Feb   Mar    Apr   May   Jun    Jul   Aug   Sep    Oct   Nov   Dec
-------------------------------------------------------------------------------
 1    2.74  3.16  3.77   3.84  4.08  3.13   2.22  1.51  2.18   1.97  2.85  2.02
 2    2.92  3.55  4.12   3.85  3.76  3.23   2.15  1.67  2.53   1.97  2.63  2.01
 3    3.10  3.54  4.44   3.88  3.51  3.24   2.02  1.63  2.65   2.30  2.39  2.31
 4    3.17  3.69  4.09   3.87  2.97  2.30   1.94  1.49  2.80   2.51  2.77  2.18
 5    3.31  3.81  3.88   3.86  2.93  2.67   1.87  1.77  2.84   2.55  2.64  2.12

 6    3.38  4.08  3.50   3.96  2.75  2.47   1.73  1.82  3.23   2.18  2.06  2.09
 7    3.63  3.80  3.26   3.91  2.54  2.25   1.74  1.92  3.79   2.49  1.98  2.01
 8    3.82  3.81  3.39   3.90  2.27  2.00   1.81  2.32  3.19   2.55  1.87  2.08
 9    3.88  3.77  3.87   3.81  2.08  1.68   1.88  2.39  3.28   2.76  1.79  2.34
10    3.92  3.65  3.17   3.52  1.97  1.32   2.01  2.47  3.33   2.71  2.18  2.09

11    3.90  3.56  3.43   3.28  1.98  1.39   2.19  2.93  3.38   2.83  1.73  2.17
12    3.92  3.44  3.71   3.15  1.82  1.42   2.29  2.92  3.37   2.86  1.66  2.25
13    3.93  3.30  3.17   2.55  1.94  1.42   2.20  2.91  3.41   2.96  1.74  2.13
14    4.12  3.09  3.29   2.27  2.09  1.69   2.26  2.85  3.03   2.84  1.67  2.00
15    3.82  2.94  3.80   2.02  2.20  1.98   2.32  2.86  3.06   2.81  1.62  1.91

16    3.63  2.67  2.76   1.75  2.26  2.35   2.43  2.85  2.78   2.85  1.62  1.92
17    3.42  2.51  2.61   1.86  2.29  2.57   2.60  2.84  2.81   2.81  1.60  2.00
18    3.36  2.18  2.50   2.24  2.28  2.62   2.56  3.03  2.47   2.67  1.90  1.78
19    3.17  2.13  2.38   2.02  2.56  2.63   2.29  3.02  2.39   2.63  2.25  1.57
20    3.09  2.02  2.41   2.54  3.00  3.12   2.28  2.87  2.34   2.65  1.85  1.45

21    2.92  2.34  2.52   2.86  3.13  3.20   2.54  2.79  2.25   2.75  1.92  1.35
22    2.69  1.98  2.07   2.71  3.20  3.38   2.56  2.65  2.24   2.91  2.01  1.30
23    2.52  2.36  2.45   3.54  3.07  3.63   2.47  2.42  2.35   2.71  2.05  1.35
24    2.82  2.07  1.99   3.51  2.85  3.42   2.39  2.66  2.33   2.85  2.12  1.34
25    2.70  2.94  2.51   3.92  2.86  3.36   1.97  2.25  2.46   2.75  2.10  1.38

26    2.46  3.22  2.65   4.28  3.02  3.56   1.92  1.76  2.56   2.67  2.28  1.42
27    3.20  3.79  2.93   4.37  2.99  3.61   1.96  1.73  2.12   2.60  2.25  1.43
28    2.73  3.37  3.19   4.00  3.06  3.57   2.02  1.76  2.04   2.50  2.16  1.50
29    2.77        3.54   4.02  2.70  3.44   1.71  1.77  2.03   2.65  2.13  1.58
30    2.82        3.59   3.80  2.69  2.40   1.69  1.90  1.88   2.91  2.11  1.65

31    3.60        3.80         2.95         1.50  2.58         2.98        1.71
-------------------------------------------------------------------------------
Mean  3.27  3.10  3.19   3.30  2.70  2.64   2.11  2.33  2.70   2.65  2.06  1.82
-------------------------------------------------------------------------------
                                                       1953 Yearly Mean =  2.65
