1950                    CORONAL INDEX OF SOLAR ACTIVITY                    1950
Slovak Academy       Fill-Disk Fe Emission (530.3 nm)         Units=10**16 W/sr
===============================================================================
Day    Jan   Feb   Mar    Apr   May   Jun    Jul   Aug   Sep    Oct   Nov   Dec
-------------------------------------------------------------------------------
 1   10.42 12.42 13.55  10.27 12.37 11.53   8.34  9.94  7.69   7.08  6.07  6.58
 2    9.66 12.69 13.66  11.60 11.69 10.68   8.51  9.35  8.35   7.22  6.52  7.00
 3    9.10 12.14 13.68  12.24 12.01 10.78   8.43  9.89  8.34   7.42  6.75  7.41
 4    8.80  9.84 13.44  13.24 12.02 10.74   8.21  9.52  8.87   6.72  7.06  7.06
 5    9.01 10.54 14.26  14.80 12.32 11.22   8.37 10.90  8.76   5.66  7.78  7.90

 6   10.08 10.52 13.18  14.27 13.11 10.63   8.73 11.11  8.09   7.07  7.45  8.69
 7    9.93 11.00 14.84  14.14 12.34 10.83   9.70 10.31  7.83   7.72  8.39  9.08
 8    9.02 11.09 13.94  15.63 12.10 10.30   9.73  9.87  7.85   7.17  8.61  9.18
 9    9.67 10.91 13.61  15.45 12.20 10.48  10.29  9.91  7.35   7.48  8.68  9.13
10   10.27 10.50 13.47  15.08 12.42 10.24  10.15  9.83  7.38   6.88  9.31  8.38

11   10.39 10.76 13.44  14.08 12.40 10.41  10.49 10.22  7.82   6.68  9.41 10.06
12   10.60 11.14 13.21  12.59 12.27 10.33  10.55  9.49  7.46   7.45  9.03  9.48
13   10.52 11.30 11.79  12.40 11.98 10.50  10.90  9.79  7.36   7.04  8.60  8.66
14   10.39 11.33 11.11  13.25 12.29 10.06   9.72  9.43  7.22   6.98  8.57  8.09
15   10.59 11.10 11.00  12.77 11.55 10.07  10.01  9.32  7.31   6.73  8.21  7.55

16   10.49 10.42 11.67  12.32 12.26  9.56   9.62  9.30  7.49   6.53  8.49  7.15
17   10.30 10.71 10.73  11.67 12.16  9.91  10.20  8.92  7.87   7.21  7.72  7.06
18   10.00 11.08 11.10  11.22 11.72 10.49   9.96  9.37  7.36   6.98  6.91  6.67
19    9.95 10.84 10.90  11.00 11.38  9.95   9.96  9.74  7.70   7.27  6.92  6.60
20   10.04 10.66 10.84  11.54 11.42 10.68   9.05  8.82  6.06   6.93  6.98  6.64

21    9.99 10.68 11.15  10.89 11.49 10.08   9.36  8.86  6.63   6.29  7.13  6.79
22   10.16 10.85 11.30  10.33 11.77 10.18   9.14  7.67  7.08   6.29  7.04  7.04
23   11.32 11.54 11.25  10.14 11.43  9.70   9.25  8.11  7.50   6.44  6.46  7.15
24    9.79 12.22 12.10  10.94 11.13 10.18   9.10  8.15  6.98   6.29  6.30  7.10
25   10.48 12.54 11.78  11.69 11.10  9.32   9.16  8.82  6.51   6.36  6.43  7.13

26   11.61 12.51 10.17  11.54 12.12  9.85   8.82  8.43  6.37   6.17  6.39  6.88
27   11.91 12.98 11.09  11.29 12.03  9.08   8.81  7.90  7.39   6.35  6.27  7.43
28   12.53 12.80 10.92  11.03 11.82  8.65   9.20  6.43  7.51   6.52  5.53  7.51
29   11.06  0.00 11.43  11.47 11.55  8.05   9.25  8.36  6.93   6.59  5.06  7.43
30   10.35  0.00 11.43  12.20 11.95  8.45   9.57  7.90  6.77   6.42  5.85  7.50

31   11.02  0.00 10.86   0.00 11.15  0.00   9.65  8.05  0.00   5.53  0.00  8.09
-------------------------------------------------------------------------------
Mean 10.30 11.33 12.16  12.37 11.92 10.10   9.43  9.15  7.46   6.76  7.33  7.69
-------------------------------------------------------------------------------
                                                        1950 Yearly Mean = 9.66
