1939                    CORONAL INDEX OF SOLAR ACTIVITY                    1939
Slovak Academy       Fill-Disk Fe Emission (530.3 nm)         Units=10**16 W/sr
===============================================================================
Day    Jan   Feb   Mar    Apr   May   Jun    Jul   Aug   Sep    Oct   Nov   Dec
-------------------------------------------------------------------------------
 1    7.99  9.59 12.49  10.43 12.08 12.49  12.88 13.28 13.68  14.07 14.47 14.87
 2    7.99 10.12 12.34  10.38 12.08 12.50  12.89 13.29 13.70  14.08 14.48 14.88
 3    7.99 10.70 12.24  10.35 12.10 12.52  12.90 13.30 13.72  14.09 14.49 14.89
 4    7.99 11.23 12.16  10.32 12.12 12.53  12.91 13.32 13.73  14.11 14.51 14.90
 5    7.99 11.63 12.08  10.15 12.13 12.54  12.92 13.33 13.74  14.12 14.52 14.91

 6    7.99 11.97 12.00  10.16 12.14 12.55  12.93 13.35 13.76  14.14 14.53 14.93
 7    7.99 12.27 11.90  10.26 12.16 12.56  12.94 13.36 13.77  14.15 14.55 14.95
 8    7.99 13.01 11.85  10.33 12.17 12.58  12.95 13.37 13.78  14.17 14.56 14.96
 9    7.99 12.99 11.89  10.42 12.19 12.59  12.96 13.38 13.79  14.18 14.57 14.97
10    7.99 13.14 11.86  10.50 12.20 12.60  12.97 13.39 13.80  14.19 14.59 14.97

11    7.99 13.05 11.80  10.31 12.21 12.61  12.99 13.41 13.81  14.21 14.60 14.97
12    7.99 12.96 11.73  10.68 12.22 12.62  13.00 13.41 13.83  14.22 14.61 14.97
13    7.99 12.75 11.67  11.12 12.24 12.63  13.01 13.42 13.84  14.23 14.63 14.96
14    7.99 12.59 11.61  11.25 12.25 12.65  13.03 13.44 13.86  14.25 14.64 14.95
15    7.99 12.24 11.55  11.38 12.26 12.66  13.04 13.45 13.87  14.26 14.66 14.88

16    7.99 12.21 11.49  11.50 12.27 12.68  13.06 13.46 13.88  14.27 14.67 14.80
17    7.99 11.87 11.43  11.60 12.28 12.69  13.07 13.48 13.90  14.28 14.69 14.70
18    7.99 11.62 11.36  11.78 12.30 12.70  13.09 13.50 13.92  14.29 14.70 14.57
19    7.99 11.43 11.30  11.92 12.31 12.71  13.10 13.51 13.92  14.30 14.72 14.43
20    7.99 11.35 11.24  11.93 12.33 12.73  13.12 13.53 13.94  14.32 14.73 14.27

21    7.99 11.40 11.18  11.94 12.34 12.74  13.14 13.54 13.95  14.32 14.74 14.09
22    7.99 11.52 11.12  11.96 12.35 12.75  13.16 13.55 13.96  14.34 14.75 13.91
23    8.02 11.76 11.06  11.97 12.36 12.77  13.17 13.57 13.98  14.34 14.76 13.73
24    8.08 12.02 10.99  11.98 12.38 12.78  13.17 13.58 13.98  14.36 14.78 13.55
25    8.17 12.20 10.94  11.99 12.40 12.80  13.19 13.59 14.00  14.37 14.79 13.36

26    8.29 12.31 10.87  12.01 12.41 12.81  13.20 13.60 14.01  14.39 14.81 13.18
27    8.43 12.42 10.80  12.02 12.43 12.83  13.21 13.61 14.02  14.40 14.82 13.00
28    8.65 12.49 10.72  12.04 12.45 12.84  13.22 13.63 14.03  14.42 14.84 12.82
29    8.88  0.00 10.65  12.05 12.46 12.85  13.24 13.64 14.04  14.43 14.85 12.63
30    9.10  0.00 10.58  12.06 12.47 12.87  13.25 13.65 14.05  14.44 14.86 12.45

31    9.31  0.00 10.50   0.00 12.48  0.00  13.26 13.67  0.00  14.46  0.00 12.26
-------------------------------------------------------------------------------
Mean  8.15 11.96 11.46  11.23 12.28 12.67  13.06 13.47 13.88  14.26 14.66 14.25
-------------------------------------------------------------------------------
                                                        1939 Yearly Mean =12.61
