1949                    CORONAL INDEX OF SOLAR ACTIVITY                    1949
Lomnicky Peak Sta     Full-Disk Fe XIV Emission (530.3 nm)    Units=10**16 W/sr
===============================================================================
Day   Jan   Feb   Mar    Apr   May   Jun    Jul   Aug   Sep    Oct   Nov   Dec
-------------------------------------------------------------------------------
 1    7.66  8.36  6.58   7.59  7.83  7.30   8.49  6.47  7.57   7.28  9.78  9.83
 2    7.33  8.42  6.58   7.21  7.64  7.34   7.73  6.68  7.05   7.39  9.69  9.58
 3    7.13  8.57  6.63   7.39  7.50  7.54   7.85  6.67  6.56   7.42  9.56  9.41
 4    7.11  7.88  7.52   7.92  7.27  7.71   7.40  7.16  6.72   7.60  9.31  9.19
 5    7.16  8.38  7.37   7.92  6.77  7.98   7.70  7.14  6.39   8.01  9.54  9.19

 6    7.14  8.73  7.40   7.78  6.70  8.18   7.49  6.91  6.12   8.34  9.39  8.97
 7    7.60  8.38  7.71   7.65  6.73  8.25   7.08  6.60  6.53   8.18  9.27  8.79
 8    8.02  8.08  8.14   7.63  6.59  8.50   6.40  6.12  6.59   9.08  9.23  9.21
 9    8.23  8.25  8.37   7.71  6.48  9.04   6.55  5.87  6.87   9.36  9.26  9.15
10    8.35  8.28  8.59   8.00  6.54  9.02   6.14  5.83  7.31   9.65  9.35  9.05

11    8.73  8.87  8.33   7.43  6.92  8.86   6.17  5.30  7.31  10.09  9.31  8.98
12    8.95  8.21  8.16   7.08  7.25  8.63   5.97  5.27  7.56  10.16  9.04  8.92
13    9.18  8.35  7.97   6.73  7.07  8.57   5.82  5.23  8.31   9.88  8.86  8.89
14    9.34  8.39  7.92   6.48  7.07  8.80   6.07  5.47  8.37  10.22  8.72  9.85
15    9.05  8.68  7.59   6.65  7.33  8.56   6.65  5.71  8.35   9.97  8.49  9.35

16    8.86  8.42  7.35   6.50  7.76  8.46   7.40  5.79  8.23  10.32  8.15  9.06
17    8.73  8.12  7.19   6.03  8.65  8.33   7.99  6.09  8.22  10.78  7.68  8.88
18    8.43  8.01  6.93   6.21  8.48  8.24   8.22  6.53  8.28  10.52  7.76  8.60
19    8.33  7.75  7.03   6.40  8.00  8.22   8.00  6.52  8.64  10.85  7.97  8.58
20    8.41  7.34  7.19   6.74  8.22  8.09   7.93  7.10  8.44  10.60  8.07  8.47

21    8.10  7.24  7.19   7.11  8.41  8.14   8.06  7.16  8.07  10.54  8.12  8.12
22    8.01  6.91  7.04   7.38  8.28  8.48   8.23  7.27  7.55  10.59  8.16  8.07
23    7.71  6.81  6.88   7.40  8.21  8.03   7.79  8.21  7.51  10.80  8.50  8.06
24    7.58  6.78  6.92   7.42  7.93  7.83   7.82  7.98  7.15  10.42  9.08  7.77
25    8.08  6.52  7.18   7.69  7.71  7.81   7.06  7.27  6.99  10.31  9.48  7.77

26    7.93  6.52  7.34   7.89  7.67  7.65   6.90  7.85  6.71  10.22  9.37  7.56
27    8.01  6.71  7.27   8.20  7.60  8.38   6.87  7.53  6.48  10.36  9.21  7.71
28    8.14  6.69  6.95   8.63  7.47  7.97   6.58  7.41  6.72  10.53  9.04  7.58
29    7.76        7.08   7.97  7.39  7.68   6.74  7.36  7.16  10.33  9.42  7.35
30    7.91        7.41   7.90  7.29  8.09   6.84  7.01  7.21  10.07  9.66  6.97

31    8.36        7.62         7.26         6.29  6.58         9.89        6.53
-------------------------------------------------------------------------------
Mean  8.11  7.84  7.40   7.35  7.48  8.19   7.17  6.65  7.37   9.67  8.95  8.56
-------------------------------------------------------------------------------
                                                       1949 Yearly Mean =  7.90
