1964                    CORONAL INDEX OF SOLAR ACTIVITY                    1964
Slovak Academy       Fill-Disk Fe Emission (530.3 nm)         Units=10**16 W/sr
===============================================================================
Day    Jan   Feb   Mar    Apr   May   Jun    Jul   Aug   Sep    Oct   Nov   Dec
-------------------------------------------------------------------------------
 1    1.93  2.35  3.25   2.70  2.44  2.11   1.84  1.93  1.67   2.33  2.53  2.51
 2    2.05  2.32  2.66   2.78  2.44  2.26   2.04  1.97  1.67   1.99  2.56  2.48
 3    2.01  2.11  2.82   2.71  2.56  2.25   2.15  2.01  1.92   2.12  2.44  2.50
 4    2.08  2.21  2.58   2.63  2.38  2.50   2.10  1.96  1.81   2.22  2.62  2.45
 5    2.10  2.31  2.57   2.89  2.48  2.43   2.01  2.16  1.73   2.20  2.37  2.46

 6    2.27  2.28  2.71   2.60  3.01  2.48   1.93  2.12  1.90   2.13  2.14  2.38
 7    2.19  2.29  2.68   2.47  3.01  2.50   2.04  2.09  1.96   1.92  2.10  2.44
 8    2.50  2.26  2.60   2.45  2.79  2.65   2.12  2.11  1.96   1.88  2.10  2.38
 9    2.41  2.07  2.49   2.30  2.63  2.30   2.05  2.04  2.21   2.21  2.17  2.42
10    2.65  2.00  2.25   2.40  2.49  2.39   1.90  1.95  2.08   2.10  2.38  2.26

11    2.52  2.13  2.32   2.58  2.56  2.30   1.83  2.06  2.17   2.19  2.29  2.58
12    2.59  2.05  2.65   2.39  2.63  2.17   1.85  2.37  2.17   2.28  2.24  2.56
13    2.65  2.05  2.74   2.32  2.38  2.09   1.92  2.36  2.00   2.03  2.35  2.63
14    2.64  2.09  2.75   2.26  2.04  2.02   1.90  2.32  2.10   2.24  2.52  2.68
15    2.53  2.10  2.65   2.33  1.94  1.85   2.01  2.15  1.98   2.27  2.59  2.84

16    2.82  2.15  2.59   2.45  2.07  1.99   1.96  2.19  1.91   2.07  2.84  2.93
17    2.78  2.15  2.55   2.55  1.82  1.86   2.07  2.25  1.78   2.26  2.68  3.04
18    2.58  2.17  2.38   2.45  1.94  1.90   2.06  2.37  1.75   2.26  2.71  2.83
19    3.06  2.06  2.29   2.42  1.64  1.98   2.11  2.03  1.59   2.34  2.74  3.07
20    2.90  2.15  2.29   2.37  1.80  2.05   1.99  1.79  1.59   3.09  2.75  3.03

21    2.85  2.20  2.49   2.47  1.81  2.04   1.93  1.78  1.87   2.80  2.59  2.96
22    3.15  2.39  2.37   2.40  1.76  2.05   2.06  1.81  1.63   2.79  2.50  2.79
23    2.93  2.48  2.53   2.36  1.80  1.94   1.98  1.79  1.59   2.96  2.46  2.54
24    2.90  2.82  2.50   2.27  1.75  1.96   2.15  1.74  1.62   2.98  2.46  2.38
25    2.93  2.75  2.60   2.25  1.79  2.00   1.83  1.66  1.72   3.65  2.47  2.37

26    2.75  2.81  2.61   2.19  1.87  1.91   1.79  1.54  1.69   3.43  2.37  2.27
27    2.34  2.86  2.54   2.58  1.85  1.95   1.90  1.57  1.95   2.91  2.32  2.21
28    2.36  2.83  2.40   2.14  1.81  1.97   1.88  1.62  2.01   2.87  2.32  2.10
29    2.32  3.00  2.44   2.06  2.06  1.96   1.75  1.56  2.20   3.58  2.35  2.14
30    2.46  0.00  2.80   2.31  1.83  1.92   1.93  1.59  2.16   3.20  2.46  2.12

31    2.38  0.00  2.56   0.00  2.04  0.00   1.86  1.56  0.00   2.86  0.00  2.41
-------------------------------------------------------------------------------
Mean  2.54  2.30  2.57   2.44  2.17  2.13   1.97  1.95  1.88   2.52  2.45  2.54
-------------------------------------------------------------------------------
                                                        1964 Yearly Mean = 2.29
