1998                    CORONAL INDEX OF SOLAR ACTIVITY                    1998
Slovak Academy       Fill-Disk Fe Emission (530.3 nm)         Units=10**16 W/sr
===============================================================================
Day    Jan   Feb   Mar    Apr   May   Jun    Jul   Aug   Sep    Oct   Nov   Dec
-------------------------------------------------------------------------------
 1    5.37  4.39  4.28   4.04  5.08  5.43   7.07  6.09  7.90   7.52  6.91  8.60
 2    5.39  4.48  4.52   4.19  5.19  6.09   7.61  6.22  8.33   7.55  7.01  8.21
 3    5.65  4.49  4.39   4.25  5.16  6.10   7.86  6.53  8.64   7.58  7.12  7.92
 4    4.80  4.37  4.49   4.69  5.28  6.55   8.10  7.28  8.85   7.56  7.47  8.60
 5    4.65  4.60  4.48   4.97  5.59  6.64   8.25  7.41  9.23   7.54  7.17  8.64

 6    4.52  4.92  4.59   5.04  5.84  7.10   8.34  7.58  9.10   7.84  6.98  8.61
 7    4.32  3.74  4.68   5.44  6.12  7.14   8.72  7.59  9.06   7.77  6.99  8.73
 8    3.94  3.92  4.75   5.70  6.17  8.06   8.67  7.68  8.95   7.66  7.06  8.54
 9    3.80  3.96  4.13   5.89  6.54  7.48   8.55  7.95  8.89   7.97  6.98  8.49
10    4.04  4.18  4.20   6.21  6.48  7.01   8.51  8.38  8.71   7.41  7.58  8.70

11    4.11  4.57  4.40   6.61  6.81  6.59   7.59  7.10  8.72   7.60  7.55  8.58
12    4.24  4.99  4.06   6.77  6.74  6.84   7.08  7.61  8.24   8.17  7.41  8.32
13    3.78  4.55  4.35   6.68  6.63  6.60   7.17  7.65  8.14   7.99  7.34  8.17
14    4.02  4.56  4.70   6.48  6.05  6.43   6.31  7.83  8.11   8.29  7.17  8.16
15    4.27  4.54  4.89   6.33  6.60  6.49   5.74  7.81  7.97   8.15  7.08  8.19

16    4.46  4.67  5.00   6.38  6.22  6.29   5.58  8.19  7.72   7.59  6.87  8.34
17    4.65  4.79  5.31   6.40  5.98  6.40   5.26  7.37  7.43   7.00  6.39  8.15
18    4.80  5.22  5.43   6.17  5.75  6.34   5.61  7.68  7.41   7.21  5.91  8.81
19    4.75  5.26  5.13   5.98  5.65  6.17   5.81  7.15  7.19   7.06  6.30  8.38
20    4.71  4.49  5.43   5.48  5.67  6.12   5.56  7.43  7.03   6.89  6.26  8.42

21    4.49  4.56  5.18   5.66  5.79  6.23   5.52  7.05  6.95   6.33  6.60  8.57
22    4.38  4.86  4.95   5.48  5.72  5.97   5.95  6.75  6.85   5.70  6.63  8.31
23    4.20  5.02  4.69   5.09  5.93  5.86   5.80  6.36  6.81   5.67  7.17  8.25
24    4.30  5.36  4.69   5.33  5.95  5.67   5.74  6.20  7.50   5.96  7.32  8.90
25    4.51  4.77  4.36   5.49  5.87  5.50   5.51  6.24  7.02   6.01  8.00  8.41

26    4.45  4.13  4.35   5.34  5.86  5.92   5.43  6.45  7.10   5.94  7.28  8.76
27    4.31  3.77  4.07   5.11  5.80  6.08   5.45  6.56  7.02   5.93  7.84  9.04
28    4.56  3.85  3.95   4.96  5.60  6.20   5.49  6.67  7.17   5.98  8.05  9.29
29    4.72  0.00  4.00   4.90  5.84  6.31   5.46  6.80  7.57   6.81  8.03  9.59
30    4.87  0.00  4.70   5.07  5.59  6.56   5.86  7.01  7.79   6.62  7.97  9.55

31    5.06  0.00  3.88   0.00  5.31  0.00   5.95  7.42  0.00   6.72  0.00  9.30
-------------------------------------------------------------------------------
Mean  4.52  4.54  4.58   5.54  5.90  6.41   6.63  7.16  7.91   7.10  7.15  8.60
-------------------------------------------------------------------------------
                                                        1998 Yearly Mean = 6.35
