1956                    CORONAL INDEX OF SOLAR ACTIVITY                    1956
Lomnicky Peak Sta     Full-Disk Fe XIV Emission (530.3 nm)    Units=10**16 W/sr
===============================================================================
Day   Jan   Feb   Mar    Apr   May   Jun    Jul   Aug   Sep    Oct   Nov   Dec
-------------------------------------------------------------------------------
 1    5.46  4.62  6.50   5.69  6.03  7.10   6.41  6.49  7.16  10.16  8.95 10.52
 2    5.53  4.51  5.73   5.95  6.66  7.14   6.68  7.05  8.17  10.05  8.61 10.14
 3    5.54  4.41  6.17   6.33  6.81  7.10   6.90  7.19  8.71  10.38  8.63 10.85
 4    5.44  4.45  6.45   6.18  7.03  7.43   7.29  8.02  8.95  10.70  9.67 10.69
 5    5.32  4.53  6.53   6.39  7.31  7.64   7.57  8.19  8.40  10.71  9.40 10.58

 6    5.32  4.71  6.57   6.49  7.39  7.66   7.79  8.18  9.16  10.31  9.46 10.70
 7    5.44  4.87  6.51   6.62  7.43  7.28   8.19  7.72  9.14  10.11  9.94 10.48
 8    5.35  5.21  6.55   7.08  8.34  7.38   8.52  8.68  9.57   9.92 10.16 10.30
 9    5.35  5.53  7.01   7.00  8.10  7.36   8.41  8.93  9.51   9.72 10.55 10.05
10    5.51  5.91  7.45   6.67  8.30  7.09   8.70  8.08  9.77   9.67 10.46 10.02

11    5.40  6.25  7.25   6.67  8.63  7.11   9.02  7.90  9.94   9.49 10.26  9.98
12    5.43  6.39  7.11   6.78  7.95  7.22   8.80  8.01 10.75   8.95  9.95  9.82
13    5.69  6.02  7.05   6.82  7.99  7.45   8.56  7.70 10.84   9.03  9.65  9.65
14    5.51  5.96  6.34   6.68  8.20  7.84   8.39  7.73 11.34   9.51  9.44  9.04
15    5.54  5.85  6.42   6.18  7.99  7.56   8.30  7.64 10.15   8.10  9.61  8.92

16    5.45  5.74  6.80   5.70  8.06  7.13   8.56  6.97 11.19   8.77  9.89  9.23
17    5.13  5.84  6.05   5.92  8.21  7.55   8.39  7.11 10.47   8.51  8.98  9.35
18    5.25  5.60  5.96   5.78  7.63  7.80   7.52  6.95 11.12   9.32  9.17  9.27
19    5.11  5.17  6.09   5.50  7.28  7.56   7.50  6.96 10.66   8.81  9.38  9.45
20    4.78  5.34  5.84   5.27  7.19  7.30   8.40  6.90 10.35  10.15  8.75  8.90

21    5.34  5.52  6.02   5.07  7.05  6.91   8.13  6.82  8.58   9.54  9.51  9.59
22    5.60  5.96  6.14   5.28  6.96  6.69   8.59  6.54  9.89   9.76  9.57  9.52
23    5.94  5.72  6.05   5.45  6.81  7.09   7.60  6.48  9.17   9.67  9.36  9.40
24    6.00  5.84  6.20   5.38  6.51  6.95   7.81  6.51  9.89  10.33  9.21  9.20
25    5.88  5.34  6.32   5.37  6.23  6.78   7.23  6.73  9.02   9.81  9.82 10.11

26    5.77  5.65  6.05   5.42  6.26  6.61   7.55  6.65  8.72   9.99  9.76 10.90
27    5.83  5.94  5.70   5.44  6.44  6.52   7.08  7.03  8.48   9.44 10.49  9.66
28    5.57  6.16  5.55   6.23  6.51  6.49   6.35  6.87  8.98   8.96 10.52  9.64
29    5.25  5.83  5.63   5.99  6.72  6.50   6.07  7.06  9.69   8.97 10.41 10.09
30    5.00        5.63   5.74  6.87  6.41   6.49  7.05 10.01   8.73 10.26 10.96

31    4.79        5.67         7.05         6.63  7.10         8.24       11.20
-------------------------------------------------------------------------------
Mean  5.44  5.48  6.30   6.04  7.29  7.16   7.72  7.33  9.59   9.54  9.66  9.94
-------------------------------------------------------------------------------
                                                       1956 Yearly Mean =  7.63
