1989                    CORONAL INDEX OF SOLAR ACTIVITY                    1989
Lomnicky Peak Sta     Full-Disk Fe XIV Emission (530.3 nm)    Units=10**16 W/sr
===============================================================================
Day   Jan   Feb   Mar    Apr   May   Jun    Jul   Aug   Sep    Oct   Nov   Dec
-------------------------------------------------------------------------------
 1   16.76 20.36 15.37  16.68 18.63 18.08  20.33 20.84 18.68  19.21 17.89 15.10
 2   18.90 19.64 15.43  17.35 18.23 17.75  19.78 20.68 18.31  20.74 17.28 15.10
 3   20.66 21.97 15.57  18.86 18.20 19.68  19.77 21.45 18.60  22.62 19.05 17.68
 4   21.95 24.10 16.50  19.92 18.70 18.96  18.51 21.55 19.39  23.53 18.52 16.46
 5   22.11 22.61 18.29  21.10 19.15 20.00  18.94 21.15 20.68  21.67 19.83 17.19

 6   23.92 22.76 17.81  21.65 19.36 20.38  20.05 19.81 21.60  21.81 20.10 18.33
 7   24.86 22.02 19.19  21.60 19.75 21.25  20.17 21.71 19.22  23.27 20.83 18.94
 8   27.02 21.24 19.04  21.46 19.44 20.51  18.87 22.62 19.21  22.86 21.54 18.92
 9   26.53 21.50 16.91  21.41 20.87 21.53  20.16 24.14 20.01  22.05 21.90 20.89
10   25.95 21.83 17.29  21.20 18.90 21.12  19.37 22.76 19.71  22.06 22.19 19.07

11   24.29 21.28 17.58  20.28 19.41 22.29  19.39 23.16 19.67  20.23 21.71 18.82
12   24.92 20.58 18.65  19.46 19.06 22.42  19.81 22.36 17.12  20.10 20.80 18.63
13   20.10 19.49 21.02  19.86 19.19 22.28  18.87 23.98 14.08  21.28 18.80 17.72
14   21.37 21.00 19.48  19.94 19.33 21.72  18.56 22.29 15.18  21.29 18.75 18.17
15   19.00 21.24 17.70  18.82 19.20 21.72  21.55 20.65 14.69  21.22 18.24 19.68

16   18.01 22.31 18.54  17.68 17.47 22.20  20.79 19.39 14.36  20.78 18.20 17.83
17   17.46 21.88 18.81  16.75 16.55 21.46  20.85 19.59 15.02  19.65 19.46 17.95
18   18.72 20.57 19.66  16.12 15.99 21.31  21.23 17.10 13.17  18.79 19.47 17.97
19   20.75 19.86 18.63  16.77 15.71 21.71  21.26 18.44 12.42  17.76 17.52 18.31
20   22.35 20.94 16.86  16.65 15.68 21.17  22.14 17.25 13.49  18.64 18.04 18.77

21   22.39 18.93 15.99  15.32 15.79 21.11  22.88 17.93 12.26  17.98 17.74 18.92
22   18.84 19.82 15.69  13.92 15.74 20.87  19.83 19.25 12.45  18.73 17.37 18.22
23   19.65 16.72 14.21  14.39 15.78 19.63  18.10 19.62 13.40  19.57 17.10 19.85
24   19.29 15.71 15.03  15.59 16.18 19.58  18.49 18.50 13.84  19.50 15.37 20.72
25   17.87 15.60 13.53  16.83 15.71 20.12  18.27 20.87 14.58  17.64 14.51 21.16

26   17.26 15.59 14.04  15.64 15.68 18.19  18.46 20.32 16.12  19.35 15.24 18.85
27   15.63 16.33 14.46  14.83 17.10 18.33  18.41 20.62 16.99  17.61 16.11 18.77
28   14.84 16.16 13.35  15.07 16.79 17.33  18.99 20.62 17.07  17.47 15.68 18.12
29   17.18       13.28  16.04 16.59 18.31  19.47 20.80 17.23  17.38 15.30 17.70
30   17.88       13.54  17.49 16.25 19.69  20.34 20.49 17.74  17.70 15.37 16.28

31   18.50       14.37        15.80        20.72 19.14        17.36       15.34
-------------------------------------------------------------------------------
Mean 20.48 20.07 16.64  17.96 17.62 20.36  19.82 20.62 16.54  20.00 18.33 18.24
-------------------------------------------------------------------------------
                                                        1989 Yearly Mean =18.89
