1995                    CORONAL INDEX OF SOLAR ACTIVITY                    1995
Slovak Academy       Fill-Disk Fe Emission (530.3 nm)         Units=10**16 W/sr
===============================================================================
Day    Jan   Feb   Mar    Apr   May   Jun    Jul   Aug   Sep    Oct   Nov   Dec
-------------------------------------------------------------------------------
 1    3.52  2.67  2.98   2.61  2.90  2.52   2.80  2.97  3.01   2.80  2.55  2.44
 2    3.54  2.61  2.77   2.66  2.65  2.53   2.66  2.80  3.28   2.81  2.68  2.36
 3    3.59  2.99  2.64   2.67  2.80  2.83   2.48  2.87  3.56   2.71  2.75  2.23
 4    3.62  3.44  2.65   2.55  2.67  2.87   2.36  3.07  3.80   2.43  2.85  2.48
 5    3.37  3.50  3.06   2.61  2.74  3.01   2.09  3.07  4.01   2.22  2.91  2.52

 6    3.17  3.90  3.24   2.46  2.76  2.94   1.93  3.06  4.12   2.46  2.84  2.59
 7    2.95  3.85  3.33   2.33  2.82  3.08   1.68  3.03  4.15   2.58  2.99  2.38
 8    3.25  4.11  3.24   2.26  2.85  3.05   1.58  3.19  4.05   2.61  3.02  2.31
 9    3.55  4.70  3.20   2.30  2.73  3.46   1.41  3.25  3.85   2.65  3.10  2.25
10    3.79  4.99  3.13   2.36  2.70  3.27   1.56  3.22  3.62   2.56  3.17  2.77

11    3.78  3.77  3.11   2.44  2.70  3.39   1.69  2.89  3.38   2.76  3.17  2.39
12    3.83  3.59  2.78   2.46  2.68  3.47   1.88  2.88  3.16   2.67  3.06  2.32
13    3.92  3.35  2.66   2.54  2.59  3.44   2.03  2.88  3.04   2.69  3.30  2.22
14    3.77  3.44  2.45   2.64  2.45  3.35   2.19  2.85  2.93   3.02  3.12  2.24
15    3.88  3.57  2.53   2.77  2.33  3.52   2.34  2.61  2.90   3.14  3.30  2.21

16    3.86  3.77  2.57   3.24  2.40  3.22   2.49  2.55  2.94   3.34  3.13  2.15
17    3.28  3.31  2.66   3.65  2.67  3.02   2.59  2.41  3.03   3.40  3.05  1.98
18    3.02  3.21  2.73   3.52  2.80  2.80   2.67  2.53  3.16   3.25  3.04  1.75
19    2.74  3.25  2.84   3.59  2.74  2.63   2.65  2.66  3.24   3.44  2.94  1.74
20    2.39  3.33  2.75   3.63  2.75  2.41   2.64  2.59  3.26   3.30  2.82  1.77

21    2.32  3.58  2.97   3.79  2.61  2.52   2.83  2.62  3.25   3.22  2.86  1.81
22    2.19  3.67  3.07   4.21  2.50  2.55   2.84  2.68  3.26   3.19  2.40  1.78
23    2.15  3.14  3.06   3.98  2.36  2.56   2.84  2.73  3.25   2.76  2.77  1.90
24    2.12  3.31  3.06   3.27  2.26  2.45   2.90  2.75  3.21   2.48  2.89  1.93
25    2.20  3.42  3.05   3.05  2.21  2.50   3.03  2.72  3.09   2.52  2.66  2.01

26    2.29  3.40  3.02   2.88  2.60  2.48   3.28  2.58  3.16   2.31  2.62  2.07
27    2.40  3.35  3.03   3.09  2.22  2.57   3.42  2.55  3.15   2.51  2.51  2.10
28    2.55  3.12  2.97   3.21  2.22  2.66   3.06  2.57  3.06   2.43  2.41  2.10
29    2.64  0.00  2.52   3.33  2.18  2.76   3.17  2.60  2.88   2.44  2.44  2.51
30    2.64  0.00  2.55   3.12  2.52  2.78   3.22  2.68  2.81   2.45  2.98  2.48

31    2.87  0.00  2.54   0.00  2.28  0.00   3.20  2.81  0.00   2.52  0.00  2.42
-------------------------------------------------------------------------------
Mean  3.07  3.51  2.88   2.97  2.57  2.89   2.50  2.80  3.32   2.76  2.88  2.20
-------------------------------------------------------------------------------
                                                        1995 Yearly Mean = 2.86
