1972                    CORONAL INDEX OF SOLAR ACTIVITY                    1972
Lomnicky Peak Sta     Full-Disk Fe XIV Emission (530.3 nm)    Units=10**16 W/sr
===============================================================================
Day   Jan   Feb   Mar    Apr   May   Jun    Jul   Aug   Sep    Oct   Nov   Dec
-------------------------------------------------------------------------------
 1    6.68  6.29  7.20   6.34  6.85  8.32   9.39 11.00 11.07  11.11  8.24  6.81
 2    7.02  6.42  6.84   6.02  6.85  8.68   9.63 11.12 10.41  10.13  7.52  6.27
 3    7.07  6.52  8.31   5.88  6.84  9.09  10.86 10.86 10.41  10.44  6.83  6.19
 4    6.87  6.25  6.90   6.51  6.93  8.47   9.91 10.84 10.49   9.78  6.23  4.84
 5    7.10  5.84  5.92   6.95  7.34  8.90   9.14 10.51 10.75   9.58  6.07  4.33

 6    8.46  5.64  6.75   7.47  6.91 10.13   9.22 12.37  9.50   9.22  5.97  4.26
 7    8.08  5.66  7.95   7.23  7.09 11.49   9.36  9.86  9.71   9.47  6.24  4.57
 8    8.49  6.04  9.29   7.07  7.33 11.54   9.21 10.17  9.42   8.95  5.67  5.33
 9    8.47  6.32  9.04   6.94  7.50 11.32   9.05 10.21  9.39   8.54  5.48  5.40
10    7.74  6.19  8.03   7.01  7.75 10.75   8.92  9.42  9.31   7.45  5.41  6.65

11    7.40  6.40  8.07   6.98  8.13 11.28   8.52  8.86  8.81   7.72  5.89  6.18
12    7.24  6.55  8.59   6.84  8.21 10.92   8.48  7.56  8.60   8.18  5.62  6.40
13    6.94  7.05  9.02   6.49  8.45 10.26   8.38  7.16  7.87   7.53  5.78  7.13
14    7.20  7.56  8.41   6.72  8.60  9.36   8.43  7.08  8.49   7.38  5.80  7.48
15    6.73  7.78  7.89   6.67  8.59  8.92   7.93  7.99  8.99   7.13  5.53  7.03

16    6.74  7.94  7.96   6.76  8.67  8.87   7.36  6.72  9.56   7.37  5.61  8.20
17    6.61  8.09  8.14   6.82  8.54  8.72   6.97  7.02 10.15   7.61  6.38  8.20
18    6.30  8.42  8.66   6.85  8.30  8.50   6.67  7.36 10.39   7.38  6.32  7.15
19    6.56  9.56  9.27   6.85  7.85  8.16   6.93  7.95 10.21   7.00  7.81  7.66
20    6.86 10.60  9.03   6.83  7.45  7.87   7.97  8.90 10.42   7.42  8.72  6.99

21    6.09 10.31  9.66   6.71  7.05  7.93   8.20  9.26 10.67   7.63  8.26  6.74
22    6.72 10.08  9.25   6.64  6.74  7.75   8.43  8.77 11.63   7.58  8.97  6.87
23    7.37  9.68  9.09   6.57  6.32  7.71   8.47  9.21 11.88   7.72  9.43  6.81
24    7.36 10.02  9.14   6.64  5.97  7.93   9.04  9.70 11.79   8.03  9.40  5.82
25    7.67  9.40  8.67   6.63  5.52  7.79   9.99 10.48 11.73   8.09  9.63  5.83

26    7.72  9.67  8.58   6.60  5.77  7.64  10.17 11.29 11.18   8.89  9.37  5.45
27    7.40  8.71  7.76   6.54  6.02  8.80  10.01 11.22 11.56   9.40  8.73  5.63
28    7.34  7.86  7.00   6.68  6.39  9.15  10.04 11.68 11.80   9.01  8.20  5.60
29    7.09  7.44  6.99   7.03  6.74  9.15  10.32 11.25 11.42   8.62  7.47  5.40
30    6.92        6.76   6.99  6.70  9.32  10.71 11.55 10.59   8.34  7.07  5.05

31    6.58        6.66         6.96        11.75 11.10         8.02        5.12
-------------------------------------------------------------------------------
Mean  7.19  7.74  8.09   6.74  7.24  9.15   8.99  9.63 10.27   8.41  7.12  6.14
-------------------------------------------------------------------------------
                                                        1972 Yearly Mean = 8.06
