1992                    CORONAL INDEX OF SOLAR ACTIVITY                    1992
Slovak Academy       Full-Disk Fe XIV Emission (530.3 nm)     Units=10**16 W/sr
===============================================================================
Day   Jan   Feb   Mar    Apr   May   Jun    Jul   Aug   Sep    Oct   Nov   Dec
-------------------------------------------------------------------------------
 1   14.99 11.84 13.67  12.10 11.31  7.90   8.22  7.69  8.30   8.50  9.33 10.33
 2   15.02 10.80 13.90  10.63 10.89  7.92   8.12  8.89  8.53   8.74  8.77  8.60
 3   16.17 10.37 13.94  11.29 10.36  8.17   8.67  9.08  8.49   9.16  8.77  9.11
 4   17.02 10.59 13.77  11.22 10.70  8.19   8.81 10.04  8.35   9.13  8.78  8.59
 5   13.92  9.98 14.07  10.98  9.45  8.11   9.29 10.40  8.53   9.27  8.86  9.10

 6   12.78  9.87 13.99  10.55  9.27  8.51   9.91  9.96  8.80   9.72  8.71  9.46
 7   12.41 10.24 13.54  10.27  9.91  9.04  10.40 10.98  8.52   9.85  8.68  9.98
 8   12.54 10.96 13.27   9.60 10.26  8.79  11.13 11.45  8.65   9.96  8.64  9.24
 9   12.27 12.01 13.24  10.05 10.84  9.80  10.36  9.99  8.61   9.43  9.65  9.21
10   11.78 12.74 13.49   9.98 11.45 10.72  10.89 10.20  9.19   9.16  8.83  8.76

11   10.49 11.44 13.38  10.33 11.82 10.50  11.06  9.87  9.52   8.92  9.77 10.11
12   10.79 10.31 12.78  10.71 11.57 10.80  10.91  9.07  9.08   9.08  8.82 10.86
13   11.22 10.86 12.03  11.30 12.47 10.90  10.17 10.45  8.76   8.85  8.92 10.86
14   11.05 11.33 12.22  11.41 12.70 10.51   9.85 10.34  8.73   8.61  8.98 11.47
15    9.75 11.16 12.58  11.72 12.83 10.28   9.77  9.46  8.41   8.12  8.67 11.38

16    9.90 10.29 13.26  11.90 11.82  9.84   9.86  9.06  9.24   8.04  8.75  9.95
17    9.70  9.40 13.46  12.40 12.23 10.07   9.59  8.48  9.53   7.63  8.97 12.29
18   10.53  9.91 13.79  12.89 11.61  9.84   9.63  8.12  9.31   7.56  9.43 12.12
19   10.66 10.94 13.11  13.86 11.91  9.69   9.58  8.97  9.11   7.51  8.86 11.53
20   10.22 11.51 14.00  13.21 11.41  9.68   8.74  7.83  9.21   7.31  8.62 11.51

21   11.11 11.79 13.76  12.63 11.20  9.50   8.94  6.90  8.51   7.35  8.35 11.01
22   12.17 11.92 13.92  12.10 10.98  9.31   7.51  7.24  8.73   6.96  9.23 10.80
23   11.64 12.38 13.44  11.67 10.85  9.07   7.23  6.91  9.03   7.75  9.87 11.28
24   14.20 12.93 12.84  11.97 10.25  8.21   7.09  7.01  8.09   8.55 10.27 10.91
25   13.61 13.48 12.30  11.64 11.70  8.05   7.00  7.23  7.25   9.35  9.76 10.84

26   14.36 13.94 12.02  11.90  9.40  7.86   6.83  7.23  7.98   9.66  9.39 10.18
27   14.65 13.70 11.11  11.70  9.26  7.39   7.06  6.77  8.30  10.17  9.39 10.10
28   14.25 13.29 11.01  11.99  9.30  7.79   6.83  6.93  8.61   9.94  9.38 10.26
29   14.36 13.56 11.37  11.46  8.64  7.91   7.58  6.69  8.35   9.93  9.43  9.82
30   13.82       11.93  11.66  8.23  8.07   7.71  6.95  8.31   9.66  8.91  9.83

31   12.75       12.83         8.33         7.59  8.44         9.55        9.61
-------------------------------------------------------------------------------
Mean 12.58 11.50 13.03  11.50 10.74  9.08   8.91  8.66  8.67   8.82  9.09 10.29
-------------------------------------------------------------------------------
                                                        1992 Yearly Mean =10.24
