1979                    CORONAL INDEX OF SOLAR ACTIVITY                    1979
Slovak Academy       Fill-Disk Fe Emission (530.3 nm)         Units=10**16 W/sr
===============================================================================
Day    Jan   Feb   Mar    Apr   May   Jun    Jul   Aug   Sep    Oct   Nov   Dec
-------------------------------------------------------------------------------
 1    8.17 12.31 14.08  13.01 12.38 13.75  16.41 14.45 14.42  15.98 13.67 15.20
 2    8.42 12.71 15.12  13.14 12.34 14.13  17.31 13.49 15.80  16.17 14.58 16.10
 3    8.97 13.55 18.20  12.94 12.55 14.14  17.11 13.42 13.77  15.01 14.28 16.69
 4    9.73 15.38 16.46  12.75 12.60 13.32  17.14 13.06 13.07  15.37 12.88 17.31
 5   11.18 13.44 16.60  12.86 13.22 13.00  16.36 12.84 13.23  14.34 13.84 17.43

 6   12.44 12.21 16.65  13.44 12.79 13.69  16.39 14.49 14.58  13.38 15.06 17.40
 7   12.83 11.70 15.98  13.76 12.60 13.85  16.46 13.57 13.04  13.17 16.11 17.04
 8   13.56 11.82 15.55  14.09 11.87 13.62  16.67 12.99 13.22  12.95 17.45 18.76
 9   14.26 12.64 13.97  13.86 12.19 13.24  15.77 12.76 13.56  12.46 15.82 19.71
10   14.46 11.05 13.39  12.91 11.11 14.01  15.39 13.24 12.52  14.53 16.39 19.76

11   13.31  9.96 13.00  13.20 10.88 15.62  15.05 13.07 12.19  13.25 17.34 19.23
12   11.89  8.99 12.96  13.40 10.92 15.75  14.79 14.55 13.21  13.95 18.15 18.44
13   12.02  8.64 12.02  12.00 10.68 15.73  14.51 14.33 13.56  14.48 17.92 18.30
14   10.98  9.07 11.80  11.84 10.65 15.30  14.32 13.91 13.67  15.24 18.13 18.04
15    9.77  9.04 10.88  11.83 10.99 15.21  14.19 14.38 14.25  15.94 16.24 18.30

16    8.75  8.42 11.84  11.39 11.56 15.61  13.80 14.69 13.91  16.33 17.40 16.66
17    7.95  8.14 11.34  12.03 13.82 15.68  13.36 14.67 13.85  16.05 18.57 14.89
18    8.02  8.16 11.12  11.89 14.27 14.79  13.28 14.27 14.24  15.45 19.06 15.15
19    8.59  8.59 10.53  11.29 14.68 14.00  12.88 14.89 14.32  15.87 18.71 14.61
20    9.03  8.77 10.79  11.57 14.60 13.20  12.54 14.76 13.93  15.99 18.90 13.58

21    8.94 10.40 11.57  11.59 14.75 13.19  11.80 15.06 13.77  16.01 18.32 13.39
22    9.17 10.13 12.95  11.15 15.03 13.10  11.26 15.54 13.66  16.46 18.92 13.12
23    9.61 10.75 11.88  11.50 14.81 12.83  10.88 15.19 14.66  16.54 18.82 12.81
24   10.22 11.08 12.46  10.45 13.82 12.70  11.46 14.98 15.41  14.04 16.14 12.93
25   10.51 12.54 11.71  10.55 12.84 12.49  11.98 15.57 15.58  16.72 17.88 12.60

26   10.57 12.10 12.60  10.89 12.22 13.78  12.87 13.83 17.65  15.56 17.16 12.49
27   10.52 15.37 12.88  11.12 12.26 14.13  11.86 17.00 15.87  15.62 17.73 11.86
28   11.04 12.99 12.88  11.40 12.59 15.73  12.41 15.84 16.57  16.38 16.63 12.28
29   13.44  0.00 12.30  12.04 12.35 15.31  12.38 14.39 17.83  14.84 16.11 12.26
30   12.72  0.00 12.42  11.98 12.21 15.48  12.44 14.48 16.23  14.14 15.18 12.32

31   12.51  0.00 12.50   0.00 12.94  0.00  14.08 15.12  0.00  14.67  0.00 12.47
-------------------------------------------------------------------------------
Mean 10.76 11.07 13.18  12.20 12.66 14.21  14.10 14.35 14.39  15.06 16.78 15.52
-------------------------------------------------------------------------------
                                                        1979 Yearly Mean =13.70
