1990                    CORONAL INDEX OF SOLAR ACTIVITY                    1990
Lomnicky Peak Sta     Full-Disk Fe XIV Emission (530.3 nm)    Units=10**16 W/sr
===============================================================================
Day   Jan   Feb   Mar    Apr   May   Jun    Jul   Aug   Sep    Oct   Nov   Dec
-------------------------------------------------------------------------------
 1   15.77 18.17 17.34  16.33 13.73 12.31  19.00 20.06 18.22  14.06 15.42 14.43
 2   16.17 17.85 17.96  15.88 13.36 12.69  19.58 19.49 16.69  14.08 13.95 15.60
 3   16.55 17.40 18.05  15.41 13.43 12.82  19.37 19.04 15.95  14.64 13.42 15.97
 4   17.30 14.98 19.42  15.32 13.25 14.29  20.17 19.34 15.88  15.28 13.91 15.84
 5   17.64 14.45 16.42  14.69 14.59 14.93  19.81 18.48 16.50  14.81 14.82 16.52

 6   15.86 15.15 15.60  13.44 14.03 16.47  19.44 18.05 17.36  15.11 15.02 16.87
 7   15.25 15.35 15.37  12.95 14.92 17.39  18.58 17.40 16.93  15.15 14.46 19.20
 8   15.20 14.27 15.62  13.21 16.31 17.91  18.66 17.33 17.97  15.03 15.26 19.73
 9   14.56 13.32 15.39  13.65 17.24 18.99  19.09 16.43 18.90  15.27 15.58 19.73
10   14.25 12.24 16.47  14.69 21.31 20.36  18.88 17.38 18.39  16.32 15.08 19.18

11   13.43 12.43 12.97  13.90 19.32 21.09  17.65 16.89 18.46  14.97 15.67 18.71
12   13.05 13.09 13.73  18.54 18.39 22.09  16.96 17.15 20.36  15.97 15.65 18.91
13   13.03 13.23 15.05  18.32 19.45 22.12  16.16 16.98 19.58  16.04 15.08 20.82
14   12.79 13.13 15.33  18.81 19.78 22.17  16.33 16.40 20.61  16.12 16.78 18.14
15   13.27 13.60 16.01  19.24 19.75 22.80  16.00 15.72 19.86  17.14 16.85 16.40

16   14.36 14.36 18.63  18.97 19.91 22.83  15.98 16.13 18.67  17.79 16.40 15.41
17   15.65 14.66 18.90  19.83 18.55 21.19  15.20 17.01 18.28  17.90 15.97 14.88
18   17.31 15.45 19.15  22.32 18.94 21.36  14.76 17.56 19.08  19.32 14.77 14.97
19   17.01 16.15 19.34  21.48 20.02 19.85  14.35 18.42 18.26  19.44 12.69 14.90
20   16.76 16.06 18.05  20.86 19.47 18.28  14.96 19.36 17.42  19.27 12.22 16.07

21   17.03 17.76 19.04  21.34 20.39 17.53  15.35 19.21 15.33  17.85 10.77 16.30
22   17.28 17.61 20.07  21.90 18.81 16.26  18.01 19.48 15.22  18.04  9.37 17.20
23   17.27 17.56 20.17  22.16 19.58 14.33  16.42 19.75 15.20  16.69  8.97 17.91
24   17.09 18.75 19.93  21.17 17.50 14.24  17.32 18.51 14.94  16.50  9.45 19.12
25   16.06 18.28 20.15  20.02 17.19 13.18  18.19 19.19 14.08  15.48  9.90 19.68

26   15.68 19.36 19.48  18.86 15.99 13.51  18.45 19.81 13.62  16.62 10.65 21.13
27   16.17 18.99 20.42  18.71 15.98 14.23  18.69 19.01 13.58  15.94 11.56 21.29
28   16.83 18.19 21.00  16.35 12.63 15.54  18.95 18.79 14.01  15.73 11.89 21.64
29   16.84       21.18  14.82 12.54 16.46  18.70 18.24 14.35  15.13 12.94 21.28
30   17.01       21.54  14.16 11.62 17.58  20.31 18.38 14.16  15.62 13.58 21.00

31   17.86       19.06        12.29        19.62 18.75        16.02       19.96
-------------------------------------------------------------------------------
Mean 15.82 15.78 17.96  17.58 16.78 17.49  17.77 18.19 16.93  16.24 13.60 18.03
-------------------------------------------------------------------------------
                                                       1990 Yearly Mean = 16.86
