1954                    CORONAL INDEX OF SOLAR ACTIVITY                    1954
Slovak Academy       Fill-Disk Fe Emission (530.3 nm)         Units=10**16 W/sr
===============================================================================
Day    Jan   Feb   Mar    Apr   May   Jun    Jul   Aug   Sep    Oct   Nov   Dec
-------------------------------------------------------------------------------
 1    1.92  1.85  2.08   1.51  1.55  1.60   1.38  1.18  1.71   1.93  2.33  2.15
 2    1.81  1.81  2.06   1.55  1.67  1.63   1.44  0.87  1.62   1.98  2.08  2.17
 3    1.69  1.83  1.83   1.47  1.73  1.33   1.40  0.88  1.40   2.18  2.57  2.62
 4    1.73  1.81  1.83   1.26  1.87  1.57   1.53  0.77  1.17   2.69  1.92  2.69
 5    1.73  1.97  1.84   1.60  1.85  1.54   1.12  0.79  1.41   2.46  1.55  2.71

 6    1.71  1.99  1.19   1.66  1.86  1.55   1.47  0.60  1.55   2.69  1.73  2.43
 7    1.76  2.13  1.60   1.33  1.79  1.43   1.76  0.63  1.30   2.27  2.38  3.02
 8    1.56  1.97  1.51   1.38  1.66  1.47   1.71  0.62  1.47   1.87  2.21  3.08
 9    1.77  2.02  1.27   1.39  1.58  1.48   1.56  1.31  1.69   2.38  2.27  3.16
10    1.92  1.95  1.71   1.39  1.48  1.57   1.50  1.03  1.87   2.73  2.12  3.03

11    1.77  1.98  1.65   1.33  1.46  1.63   1.43  1.14  1.96   2.62  2.55  2.93
12    1.57  1.96  1.64   1.69  1.43  1.65   1.55  1.58  1.84   2.53  3.10  2.92
13    1.60  1.57  1.96   1.60  1.26  1.31   1.59  1.80  1.87   2.20  3.14  2.94
14    1.60  1.51  2.50   1.66  1.04  1.67   1.38  1.72  1.96   2.24  3.01  2.95
15    1.55  1.63  2.50   1.70  1.21  1.70   1.36  1.48  1.43   2.79  3.05  2.52

16    1.48  1.67  3.03   1.78  1.29  1.62   1.41  0.89  1.58   2.82  2.96  2.77
17    1.32  1.67  3.36   1.64  1.50  1.66   1.34  1.10  1.37   2.79  2.46  2.49
18    1.35  1.64  2.68   1.73  1.52  1.64   1.46  1.09  1.43   2.08  2.78  2.32
19    1.42  1.63  2.90   1.58  1.50  1.61   1.61  1.07  1.13   2.14  2.18  2.22
20    1.47  1.75  3.14   1.51  1.50  1.77   1.52  0.72  1.03   1.97  1.77  2.19

21    1.67  1.89  3.01   1.36  1.69  1.69   1.79  0.76  0.84   1.55  2.07  2.01
22    1.70  1.75  2.31   1.42  1.61  1.72   2.13  0.92  1.03   1.86  1.75  2.18
23    1.68  1.72  2.04   1.01  2.00  1.68   1.97  1.07  0.86   1.82  1.87  1.80
24    1.72  2.00  1.69   1.01  1.86  1.61   1.80  1.09  0.79   1.52  2.14  1.78
25    1.78  1.96  1.55   1.17  1.86  1.64   2.09  1.09  1.03   1.59  2.09  1.84

26    1.84  2.00  1.47   1.32  1.81  1.66   1.96  1.40  0.83   1.58  1.93  1.68
27    1.92  2.08  1.52   0.92  1.61  1.24   1.88  1.55  0.70   1.65  2.15  1.95
28    1.91  1.87  1.46   1.33  1.60  1.55   1.71  1.57  1.29   1.68  2.07  2.39
29    1.88  0.00  1.18   1.29  1.89  1.34   1.37  1.46  1.26   2.27  2.26  2.34
30    1.89  0.00  1.45   1.40  1.59  0.97   1.32  1.44  1.73   1.68  2.09  2.82

31    1.90  0.00  1.52   0.00  1.68  0.00   1.35  1.54  0.00   1.75  0.00  2.71
-------------------------------------------------------------------------------
Mean  1.70  1.84  1.98   1.43  1.61  1.55   1.58  1.13  1.37   2.14  2.29  2.48
-------------------------------------------------------------------------------
                                                        1954 Yearly Mean = 1.76
