1975                    CORONAL INDEX OF SOLAR ACTIVITY                    1975
Lomnicky Peak Sta     Full-Disk Fe XIV Emission (530.3 nm)    Units=10**16 W/sr
===============================================================================
Day   Jan   Feb   Mar    Apr   May   Jun    Jul   Aug   Sep    Oct   Nov   Dec
-------------------------------------------------------------------------------
 1    4.11  3.18  2.64   2.14  2.97  1.92   3.32  2.88  3.91   3.73  2.82  2.59
 2    3.70  3.25  2.68   2.18  2.74  1.87   3.15  2.99  3.38   3.84  2.49  2.80
 3    3.40  3 27  2.72   2.10  2.47  1.86   3.01  3.13  2.98   3.99  2.84  3.11
 4    3.20  3.35  2.76   2.17  1.99  1.89   2.75  3.34  3.53   4.15  2.67  2.93
 5    3.40  3.65  2.75   2.20  1.88  1.92   2.61  3.54  4.24   4.21  2.83  3.13

 6    3.80  3.54  2.72   2.25  1.82  1.96   2.53  3.84  4.60   4.48  2.92  3.27
 7    3.60  3.46  2.67   2.32  1.74  1.99   2.62  4.19  4.77   3.86  2.99  3.39
 8    3.80  3.38  2.56   2.41  1.45  1.98   2.55  4.35  4.69   3.70  3.06  3.25
 9    4.20  3.54  2.48   2.54  1.34  1.98   2.75  4.62  4.24   3.67  2.96  3.14
10    4.40  3.56  2.43   2.60  1.30  2.05   2.91  4.85  4.38   3.84  2.95  2.94

11    4.10  3.66  2.31   2.61  1.39  2.18   3.05  5.08  4.44   3.80  3.63  3.08
12    3.50  3.28  2.32   2.59  1.57  2.27   3.17  4.81  3.61   3.61  3.51  3.05
13    3.10  3.08  2.28   2.56  1.75  2.32   3.40  4.76  3.07   5.35  3.24  3.00
14    2.91  2.95  2.27   2.49  1.90  2.40   3.13  4.69  2.62   3.74  3.28  2.44
15    3.16  3.03  2.27   2.42  2.06  2.51   3.39  4.95  2.35   3.50  3.30  2.40

16    3.20  3.04  2.28   2.29  2.20  2.62   3.13  4.97  2.24   3.64  3.44  2.60
17    2.80  3.13  2.23   2.21  2.33  2.73   2.85  5.27  2.20   3.53  3.61  2.84
18    2.89  2.87  2.30   2.13  2.34  2.60   2.54  4.13  1.96   3.32  3.76  3.20
19    2.96  2.75  2.12   2.09  2.38  2.51   2.52  4.24  1.97   3.38  3.58  2.84
20    3.10  2.67  2.06   2.18  2.50  2.43   2.45  4.49  1.92   3.88  3.34  2.92

21    3.30  2.65  2.00   2.37  2.62  2.61   2.77  4.82  1.95   4.02  3.08  3.12
22    3.66  2.43  1.99   2.30  2.75  2.72   2.61  3.89  2.11   3.89  2.91  3.23
23    3.39  2.43  1.98   2.46  2.74  2.84   2.38  3.73  2.31   3.60  2.89  3.26
24    2.99  2.28  2.04   2.67  2.72  2.97   2.20  3.39  2.23   3.59  2.78  3.24
25    2.74  2.50  2.12   2.78  2.68  4.14   2.27  3.68  2.65   3.56  2.67  3.11

26    2.85  2.54  2.08   3.26  2.64  3.38   2.38  4.21  2.54   3.45  2.33  2.89
27    3.12  2.55  2.14   3.78  2.51  4.03   2.40  4.47  2.43   3.17  2.24  2.68
28    3.08  2.55  2.15   2.81  2.37  3.89   2.33  3.86  2.71   3.10  2.30  2.49
29    2.94        2.15   3.06  2.20  3.71   2.34  3.97  3.07   2.78  2.59  2.36
30    2.97        2.17   3.19  2.07  3.48   2.44  3.98  3.29   3.18  2.42  2.25

31    3.01        2.19         1.97         2.57  3.94         3.16        2.12
-------------------------------------------------------------------------------
Mean  3.33  3.02  2.32   2.50  2.17  2.56   2.73  4.16  3.08   3.65  2.98  2.89
-------------------------------------------------------------------------------
                                                        1975 Yearly Mean = 2.95
