1943                    CORONAL INDEX OF SOLAR ACTIVITY                    1943
Slovak Academy       Fill-Disk Fe Emission (530.3 nm)         Units=10**16 W/sr
===============================================================================
Day    Jan   Feb   Mar    Apr   May   Jun    Jul   Aug   Sep    Oct   Nov   Dec
-------------------------------------------------------------------------------
 1    5.37  6.09 10.44   8.16  2.57  3.01   5.37  7.29  6.40   3.91  3.78  1.27
 2    5.21  5.63  9.91   7.97  2.39  3.09   5.45  7.26  6.55   4.50  3.69  1.18
 3    5.08  5.29  9.66   7.78  2.20  3.16   5.53  7.03  6.70   4.88  3.61  1.10
 4    4.83  5.03  9.51   7.60  2.02  3.24   5.60  6.88  7.17   5.41  3.53  1.01
 5    4.81  4.90  9.36   7.41  1.83  3.32   5.68  7.03  7.58   6.05  3.45  0.92

 6    4.79  4.96  9.36   7.23  1.64  3.39   5.76  7.17  7.63   6.73  3.37  0.82
 7    4.76  5.33  9.35   7.04  1.45  3.48   5.84  6.61  7.60   6.72  3.28  0.72
 8    4.90  5.75  9.52   6.86  1.27  3.55   5.92  6.24  8.02   6.55  3.20  0.61
 9    5.13  6.25  9.77   6.67  1.09  3.63   6.00  5.56  8.52   6.09  3.13  0.50
10    4.94  6.84  9.89   6.48  0.95  3.70   6.08  4.95  8.37   5.95  3.03  0.45

11    5.41  7.52 10.18   6.30  0.85  3.78   6.16  6.48  8.47   5.50  2.95  0.43
12    5.83  8.57 10.35   6.12  0.96  3.86   6.23  6.60  8.35   4.87  2.87  0.45
13    6.24  9.33 10.56   5.93  0.90  3.95   6.31  5.02  8.18   4.31  2.78  0.50
14    6.76 10.06 10.57   5.75  0.86  4.02   6.39  4.90  7.92   3.99  2.69  0.59
15    7.35 10.78 11.18   5.56  0.86  4.09   6.46  4.36  7.69   3.87  2.62  0.71

16    7.93 11.36 11.48   5.37  0.95  4.18   6.55  4.19  7.34   3.75  2.52  0.88
17    8.87 11.79 11.47   5.18  1.04  4.26   6.62  5.34  7.20   3.75  2.44  1.09
18    9.44 12.09 11.47   5.00  1.27  4.33   6.69  4.23  7.04   3.81  2.36  1.25
19    9.89 12.13 11.42   4.80  1.08  4.41   6.78  3.42  6.91   3.81  2.27  1.39
20   10.33 12.09 11.32   4.62  1.08  4.49   6.86  3.18  6.59   3.78  2.19  1.52

21   10.63 12.20 11.39   4.44  1.25  4.57   6.94  2.66  6.14   3.72  2.11  1.63
22   10.77 12.34 11.11   4.24  1.46  4.65   7.02  2.30  5.77   3.67  2.02  1.72
23   10.74 12.29 10.65   4.05  1.70  4.73   7.10  2.10  5.45   3.81  1.94  1.73
24   10.46 12.20 10.23   3.87  1.87  4.81   7.17  2.07  5.15   3.92  1.86  1.67
25   10.13 11.59  9.87   3.68  2.06  4.89   7.26  2.43  4.84   4.00  1.77  1.70

26    9.78 11.29  9.57   3.50  2.25  4.97   7.33  2.84  4.47   4.06  1.69  1.75
27    9.36 11.04  9.23   3.32  2.46  5.05   7.41  3.19  4.22   4.12  1.61  1.50
28    8.88 10.77  8.94   3.13  2.63  5.13   7.37  3.56  4.03   4.12  1.52  1.38
29    8.16  0.00  8.72   2.94  2.77  5.20   7.36  4.27  3.86   4.04  1.44  1.08
30    7.32  0.00  8.53   2.76  2.85  5.29   7.34  5.23  3.89   3.95  1.36  0.94

31    6.64  0.00  8.35   0.00  2.92  0.00   7.32  6.25  0.00   3.86  0.00  0.89
-------------------------------------------------------------------------------
Mean  7.44  9.13 10.11   5.46  1.66  4.14   6.51  4.86  6.60   4.56  2.57  1.08
-------------------------------------------------------------------------------
                                                        1943 Yearly Mean = 5.32
