1942                    CORONAL INDEX OF SOLAR ACTIVITY                    1942
Lomnicky Peak Sta     Full-Disk Fe XIV Emission (530.3 nm)    Units=10**16 W/sr
===============================================================================
Day   Jan   Feb   Mar    Apr   May   Jun    Jul   Aug   Sep    Oct   Nov   Dec
-------------------------------------------------------------------------------
 1    8.27  9.47  9.58   9.09  8.18  8.49   8.80  5.63  6.24   5.87  7.00  5.98
 2    8.05  9.61  9.49   8.74  8.19  8.50   8.81  6.04  6.02   5.90  7.10  5.93
 3    7.83  9.36  9.39   8.34  8.20  8.51   8.82  6.33  5.80   5.92  7.34  5.88
 4    7.65  9.30  9.25   7.93  8.21  8.52   8.83  6.42  5.50   5.94  7.58  5.82
 5    7.38  9.29  9.30   8.04  8.22  8.54   8.84  6.52  5.41   5.97  7.64  5.77

 6    7.10  9.33  9.33   8.25  8.23  8.54   8.85  6.66  5.37   5.99  7.58  5.72
 7    6.74  9.16  9.29   8.25  8.24  8.55   8.86  6.85  5.39   6.01  7.48  5.67
 8    6.77  9.71  9.35   8.21  8.24  8.56   8.87  7.16  5.41   6.03  7.19  5.61
 9    6.80  9.62  9.50   8.11  8.25  8.57   8.88  7.19  5.43   5.97  6.92  5.56
10    6.85  9.56  9.41   8.12  8.26  8.58   8.89  7.18  5.45   5.76  6.54  5.51

11    6.88  9.41  9.32   8.22  8.27  8.59   8.90  6.91  5.47   5.62  6.07  5.46
12    6.76  9.27  9.21   8.23  8.28  8.60   8.91  6.67  5.48   5.49  5.73  5.41
13    6.53  8.80  9.04   8.13  8.29  8.61   8.91  6.51  5.50   5.38  5.53  5.36
14    6.40  8.77  8.85   8.06  8.30  8.62   8.92  6.35  5.53   5.28  5.44  5.30
15    6.31  8.45  8.87   8.02  8.31  8.63   8.93  6.06  5.55   5.46  5.66  5.25

16    6.07  8.10  8.87   8.03  8.32  8.64   8.93  5.96  5.57   5.56  5.79  5.21
17    6.09  7.73  8.99   8.04  8.33  8.65   8.91  5.64  5.59   5.77  6.06  5.15
18    5.92  7.79  9.43   8.06  8.35  8.66   8.86  5.44  5.61   5.91  6.27  5.09
19    5.87  7.91  9.88   8.06  8.36  8.67   8.81  5.73  5.63   5.89  6.43  5.04
20    6.28  8.14 10.12   8.07  8.37  8.67   8.57  5.55  5.65   5.84  6.51  4.98

21    6.73  8.70 10.39   8.09  8.38  8.69   8.26  5.36  5.67   5.80  6.53  4.93
22    6.91  8.85 10.62   8.10  8.39  8.70   7.87  5.35  5.69   5.53  6.47  4.88
23    7.95  9.03 10.82   8.11  8.40  8.71   7.18  5.38  5.71   5.38  6.42  4.84
24    8.32  9.36 10.99   8.12  8.41  8.72   6.45  5.47  5.73   5.41  6.37  4.86
25    8.58  9.57 10.94   8.12  8.42  8.74   5.90  5.67  5.75   5.39  6.31  4.91

26    9.05  9.67 10.86   8.14  8.43  8.75   5.19  5.76  5.78   5.55  6.25  5.01
27    9.53  9.82 10.76   8.14  8.44  8.76   5.06  6.08  5.79   5.79  6.20  5.05
28    9.57  9.83 10.57   8.16  8.45  8.77   5.19  6.50  5.81   6.10  6.14  5.06
29    9.70       10.16   8.17  8.46  8.78   5.02  6.38  5.83   6.51  6.09  5.01
30    9.51        9.77   8.17  8.47  8.79   5.18  6.38  5.86   6.83  6.04  5.15

31    9.34        9.36         8.48         5.49  6.29         6.96        5.31
-------------------------------------------------------------------------------
Mean  7.48  9.06  9.73   8.18  8.33  8.64   7.87  6.17  5.64   5.83  6.49  5.31
-------------------------------------------------------------------------------
                                                       1942 Yearly Mean =  7.38
