1952                    CORONAL INDEX OF SOLAR ACTIVITY                    1952
Lomnicky Peak Sta     Full-Disk Fe XIV Emission (530.3 nm)    Units=10**16 W/sr
===============================================================================
Day   Jan   Feb   Mar    Apr   May   Jun    Jul   Aug   Sep    Oct   Nov   Dec
-------------------------------------------------------------------------------
 1    6.12  3.80  4.07   4.26  3.96  3.93   4.13  4.17  4.06   3.78  3.82  2.68
 2    5.79  3.62  4.12   4.28  4.06  3.90   4.25  3.93  4.04   3.71  3.86  2.74
 3    5.77  3.53  4.46   4.23  4.34  4.25   3.69  3.86  3.96   3.68  3.86  2.82
 4    5.67  3.69  4.79   4.37  4.80  3.70   3.36  4.21  3.80   4.15  3.51  2.87
 5    5.57  3.84  5.18   4.46  4.71  3.58   3.44  4.15  3.82   3.68  3.82  2.95

 6    5.77  4.09  5.55   4.21  4.71  3.50   3.32  4.08  3.90   3.51  3.87  3.05
 7    5.45  4.14  5.87   4.51  5.11  3.51   3.51  4.07  4.00   3.60  3.96  3.18
 8    5.36  4.22  6.14   4.52  5.13  3.21   4.01  3.94  4.10   3.67  4.10  3.27
 9    5.92  4.35  6.32   4.49  5.18  3.25   3.91  3.87  4.08   3.76  4.06  3.30
10    5.85  4.52  6.50   4.43  5.11  3.08   3.67  3.91  4.12   3.92  4.12  3.69

11    5.82  4.66  6.78   4.36  4.18  3.05   4.09  3.50  4.18   3.98  4.03  3.35
12    5.85  4.76  6.85   4.17  3.98  3.12   4.08  3.55  4.18   4.02  4.20  3.44
13    5.83  4.85  6.78   4.16  4.28  3.03   4.14  3.95  4.22   4.11  4.05  3.50
14    5.85  4.73  6.64   3.98  4.19  3.27   4.32  4.07  4.32   4.26  4.25  3.55
15    5.75  4.57  6.34   3.82  4.15  3.28   4.44  4.01  4.06   4.45  4.01  3.69

16    5.76  4.51  6.04   3.94  4.08  3.35   4.32  4.02  3.89   4.52  4.23  3.76
17    5.73  4.65  6.07   4.02  3.88  3.55   4.57  3.94  3.62   4.33  3.61  3.71
18    5.76  4.72  5.44   4.11  3.79  3.70   4.51  4.26  3.34   4.22  4.09  3.80
19    5.70  4.53  4.94   4.03  3.80  3.89   4.53  4.04  3.55   4.26  3.58  3.87
20    5.56  4.46  4.72   3.85  3.76  4.27   4.70  4.08  3.37   4.18  3.83  3.83

21    5.33  4.30  4.64   3.64  3.80  4.65   4.32  4.29  3.39   4.16  3.79  3.74
22    5.12  4.54  4.47   4.04  3.84  5.24   4.13  4.29  3.56   4.03  3.21  3.64
23    5.12  4.80  4.25   3.81  3.49  5.26   3.74  4.50  3.40   3.86  2.96  3.52
24    4.57  4.66  3.91   3.61  3.52  5.30   3.50  4.14  3.35   3.76  2.94  3.37
25    4.39  4.05  3.98   3.52  3.56  5.38   3.43  3.72  4.13   3.94  2.76  3.19

26    4.09  4.01  4.12   3.49  3.49  5.54   3.62  4.46  3.45   3.88  2.74  2.93
27    3.75  3.71  4.22   3.49  3.55  5.35   3.55  4.66  3.96   3.76  2.89  2.70
28    3.69  3.87  3.77   3.56  3.71  5.11   3.42  4.50  4.34   3.54  2.57  2.76
29    3.62  4.02  3.91   3.48  3.46  4.75   3.38  4.14  3.94   3.51  2.62  2.66
30    3.50        4.05   3.40  3.61  4.37   3.58  3.87  3.72   3.64  2.63  2.66

31    4.08        4.20         3.91         4.07  3.79         3.79        2.66
-------------------------------------------------------------------------------
Mean  5.23  4.28  5.13   4.01  4.10  4.05   3.93  4.06  3.86   3.92  3.60  3.25
-------------------------------------------------------------------------------
                                                       1952 Yearly Mean =  4.12
