2012,1,1,-9
2012,1,10,5
2012,1,11,-21
2012,1,12,-36
2012,1,13,-31
2012,1,14,-25
2012,1,15,-19
2012,1,16,3
2012,1,17,7
2012,1,18,-7
2012,1,19,.
2012,1,2,.
2012,1,20,.
2012,1,21,3
2012,1,22,.
2012,1,23,17
2012,1,24,40
2012,1,25,28
2012,1,26,14
2012,1,27,17
2012,1,28,15
2012,1,29,-12
2012,1,3,-82
2012,1,30,-52
2012,1,31,-55
2012,1,4,-60
2012,1,5,-36
2012,1,6,-22
2012,1,7,.
2012,1,8,25
2012,1,9,34
2012,10,1,6
2012,10,10,9
2012,10,11,9
2012,10,12,.
2012,10,13,5
2012,10,14,-5
2012,10,15,-6
2012,10,16,-8
2012,10,17,3
2012,10,18,16
2012,10,19,28
2012,10,2,2
2012,10,20,23
2012,10,21,19
2012,10,22,-3
2012,10,23,-14
2012,10,24,-35
2012,10,25,.
2012,10,26,-3
2012,10,27,8
2012,10,28,2
2012,10,29,1
2012,10,3,-19
2012,10,30,8
2012,10,31,.
2012,10,4,-33
2012,10,5,-27
2012,10,6,-13
2012,10,7,-9
2012,10,8,-1
2012,10,9,11
2012,11,1,.
2012,11,10,-22
2012,11,11,-11
2012,11,12,-13
2012,11,13,4
2012,11,14,.
2012,11,15,31
2012,11,16,.
2012,11,17,.
2012,11,18,25
2012,11,19,-2
2012,11,2,-12
2012,11,20,-10
2012,11,21,-16
2012,11,22,-6
2012,11,23,-1
2012,11,24,1
2012,11,25,-6
2012,11,26,-4
2012,11,27,-13
2012,11,28,-11
2012,11,29,.
2012,11,3,-10
2012,11,30,-3
2012,11,31,.
2012,11,4,-8
2012,11,5,-6
2012,11,6,-5
2012,11,7,-4
2012,11,8,.
2012,11,9,-15
2012,12,1,.
2012,12,10,6
2012,12,11,10
2012,12,12,9
2012,12,13,21
2012,12,14,.
2012,12,15,.
2012,12,16,16
2012,12,17,-5
2012,12,18,-14
2012,12,19,-13
2012,12,2,.
2012,12,20,1
2012,12,21,.
2012,12,22,-22
2012,12,23,.
2012,12,24,-28
2012,12,25,.
2012,12,26,.
2012,12,27,0
2012,12,28,5
2012,12,29,12
2012,12,3,1
2012,12,30,4
2012,12,31,3
2012,12,4,.
2012,12,5,.
2012,12,6,.
2012,12,7,-15
2012,12,8,-18
2012,12,9,-16
2012,2,1,-34
2012,2,10,-27
2012,2,11,-34
2012,2,12,-26
2012,2,13,.
2012,2,14,-33
2012,2,15,-37
2012,2,16,-26
2012,2,17,-19
2012,2,18,-14
2012,2,19,12
2012,2,2,-28
2012,2,20,.
2012,2,21,28
2012,2,22,19
2012,2,23,22
2012,2,24,21
2012,2,25,11
2012,2,26,-11
2012,2,27,-39
2012,2,28,-59
2012,2,29,.
2012,2,3,-20
2012,2,30,.
2012,2,31,.
2012,2,4,12
2012,2,5,32
2012,2,6,25
2012,2,7,.
2012,2,8,-14
2012,2,9,-26
2012,3,1,.
2012,3,10,-51
2012,3,11,.
2012,3,12,-59
2012,3,13,.
2012,3,14,.
2012,3,15,.
2012,3,16,.
2012,3,17,.
2012,3,18,.
2012,3,19,-17
2012,3,2,-11
2012,3,20,15
2012,3,21,7
2012,3,22,4
2012,3,23,7
2012,3,24,.
2012,3,25,.
2012,3,26,.
2012,3,27,.
2012,3,28,-30
2012,3,29,-23
2012,3,3,4
2012,3,30,.
2012,3,31,.
2012,3,4,.
2012,3,5,22
2012,3,6,19
2012,3,7,-4
2012,3,8,-30
2012,3,9,-44
2012,4,1,.
2012,4,10,.
2012,4,11,.
2012,4,12,-33
2012,4,13,-16
2012,4,14,0
2012,4,15,4
2012,4,16,13
2012,4,17,9
2012,4,18,11
2012,4,19,-3
2012,4,2,23
2012,4,20,-23
2012,4,21,-31
2012,4,22,-26
2012,4,23,-24
2012,4,24,-19
2012,4,25,.
2012,4,26,.
2012,4,27,0
2012,4,28,10
2012,4,29,9
2012,4,3,12
2012,4,30,5
2012,4,31,.
2012,4,4,0
2012,4,5,-5
2012,4,6,-12
2012,4,7,-26
2012,4,8,-39
2012,4,9,-37
2012,5,1,-3
2012,5,10,5
2012,5,11,30
2012,5,12,30
2012,5,13,46
2012,5,14,.
2012,5,15,21
2012,5,16,10
2012,5,17,-29
2012,5,18,-51
2012,5,19,-49
2012,5,2,1
2012,5,20,-44
2012,5,21,-33
2012,5,22,-10
2012,5,23,4
2012,5,24,23
2012,5,25,26
2012,5,26,23
2012,5,27,11
2012,5,28,14
2012,5,29,15
2012,5,3,.
2012,5,30,5
2012,5,31,-22
2012,5,4,-25
2012,5,5,-34
2012,5,6,-40
2012,5,7,-43
2012,5,8,-44
2012,5,9,-37
2012,6,1,-36
2012,6,10,34
2012,6,11,31
2012,6,12,-17
2012,6,13,-59
2012,6,14,-74
2012,6,15,-56
2012,6,16,-61
2012,6,17,-43
2012,6,18,-21
2012,6,19,-5
2012,6,2,-49
2012,6,20,11
2012,6,21,26
2012,6,22,31
2012,6,23,25
2012,6,24,19
2012,6,25,13
2012,6,26,0
2012,6,27,-19
2012,6,28,-42
2012,6,29,-60
2012,6,3,-59
2012,6,30,-72
2012,6,31,.
2012,6,4,.
2012,6,5,-82
2012,6,6,-33
2012,6,7,10
2012,6,8,27
2012,6,9,32
2012,7,1,-71
2012,7,10,-50
2012,7,11,-103
2012,7,12,-117
2012,7,13,-107
2012,7,14,-103
2012,7,15,-72
2012,7,16,-36
2012,7,17,-3
2012,7,18,16
2012,7,19,22
2012,7,2,-75
2012,7,20,21
2012,7,21,25
2012,7,22,20
2012,7,23,2
2012,7,24,-22
2012,7,25,-32
2012,7,26,-35
2012,7,27,-41
2012,7,28,-51
2012,7,29,-51
2012,7,3,-38
2012,7,30,-27
2012,7,31,-20
2012,7,4,12
2012,7,5,25
2012,7,6,35
2012,7,7,42
2012,7,8,40
2012,7,9,2
2012,8,1,-15
2012,8,10,-45
2012,8,11,-37
2012,8,12,-30
2012,8,13,-4
2012,8,14,12
2012,8,15,22
2012,8,16,29
2012,8,17,25
2012,8,18,13
2012,8,19,0
2012,8,2,2
2012,8,20,-12
2012,8,21,-22
2012,8,22,-31
2012,8,23,-26
2012,8,24,-6
2012,8,25,8
2012,8,26,0
2012,8,27,3
2012,8,28,3
2012,8,29,-6
2012,8,3,19
2012,8,30,-19
2012,8,31,.
2012,8,4,.
2012,8,5,-3
2012,8,6,-28
2012,8,7,-33
2012,8,8,-38
2012,8,9,-45
2012,9,1,8
2012,9,10,-1
2012,9,11,3
2012,9,12,12
2012,9,13,8
2012,9,14,0
2012,9,15,-11
2012,9,16,-24
2012,9,17,-27
2012,9,18,-33
2012,9,19,-15
2012,9,2,9
2012,9,20,7
2012,9,21,20
2012,9,22,32
2012,9,23,31
2012,9,24,7
2012,9,25,-4
2012,9,26,-29
2012,9,27,-26
2012,9,28,-9
2012,9,29,12
2012,9,3,-2
2012,9,30,11
2012,9,31,.
2012,9,4,-6
2012,9,5,.
2012,9,6,-41
2012,9,7,-35
2012,9,8,-24
2012,9,9,-20