			    Stanford Mean Solar Magnetic Field (microTesla)

       1992                                                                               

        Jan.   Feb.  March  April   May    June   July   Aug.   Sept.  Oct.   Nov.   Dec. 
 day
  01    -97     -6     73     53      7     14      8     39     88      .     19    -16
  02    -78     25      .     25      0     17     17     60     67      .     -5      .
  03    -45     72     61     10     -1     23     13     58     43      .    -24      .
  04      .      8     78      0     21     47      .     58    -22      .    -41    -39
  05     53     28      .    -14     25     52     33     46    -27      .    -57    -38

  06      .      .      .    -13     32     17     39     38    -18      .    -47      .
  07      .      .     27     11     43     -5     21     37     13      4    -48    -20
  08    104      .     19     21     43    -12     18     -4     24    -17      .      .
  09    101      .     -3      1     33    -18     29    -45     19    -40    -29      .
  10    125      .     15     -7     15    -18     39    -44     29    -68     -7      .

  11    145      .     17      .    -13     -2      .    -10    -18    -57     -1      .
  12    126      7      8      .    -19     20      .     -2    -25    -31     -5    -50
  13    102      .     28    -34    -30     20    -55     10    -53    -38    -16    -41
  14     54      .      .    -61    -44     18    -46      9    -46    -29    -24    -15
  15     37      .      .      4    -50      6    -16     34    -33    -33    -23      8

  16     12      .      .    -81    -14    -18      2     14    -30    -14    -19     11
  17    -21      .    -31   -138     25    -13      8    -19    -26     -5     20      .
  18    -43      .    -54   -121      .    -19     24     -4    -26    -13     57      6
  19    -46      .      .    -59     21     12     25     11     -9      .      .     -9
  20    -20    -33      .    -42     28     35    -31    -14    -13     -5      .      .

  21      .      .      .    -19     39     23    -56    -12    -22     24     -2     -3
  22     -6    -34      .     -9     35     10    -55    -17    -23     34      .     11
  23    -16    -75    -50      3     62    -21    -59     -3     -1     66     -9     42
  24      0    -64     13     20     88    -50    -55     -6     17     65      .     57
  25    -46    -11     40     46     85    -45    -42      1     54     47      .     49

  26    -36     75     40     70     50    -36    -26      4     79     20      .     40
  27   -113     58     39     72    -64    -11     -5     25     85     -7     60      .
  28   -126     63     55     49    -51      .      1     55     60      .     62      .
  29   -115      .      .     42    -27      .      4      .     39      .     55      .
  30    -74      .      .     27    -13     17     -1    101      7    -14     11    -59
  31      .      .     82      .      8      .     -5     97      .     22      .      .