			    Stanford Mean Solar Magnetic Field (microTesla)

       2004                                                                               

        Jan.   Feb.  March  April   May    June   July   Aug.   Sept.  Oct.   Nov.   Dec. 
 day
  01      .      .      .    -28    -65    -35     -5     26     32    -29     -5     78
  02      .     56     21    -43    -62    -24      7      .     27    -42     23     93
  03     84      .     12    -56    -44     -5      5     37      4    -43      .     64
  04     84     20      2    -79    -39     -2     11     36    -12    -28     51     57
  05     83      4    -18    -53    -38      3     16     28    -16      0     57     22

  06      .      7    -43    -47    -11      7     18     32    -31     18     34    -26
  07      .    -31    -59    -39    -16     11     28     28    -16     36      5    -16
  08     21      .    -65    -45    -11     17     42     12      3     58      .      .
  09      .      .    -60    -31    -18     24     43      5     32     50      .      .
  10     49    -67    -36      .    -14     35     36    -12     47     15      .    -29

  11    -43    -73    -38    -27      9     40     32    -16     62    -11      .     23
  12    -61    -47    -45    -25     19      .     25     -2     50    -24    -27      .
  13    -87      .    -23     -8     27     53     -3      8     25    -35    -17    -26
  14      .      .    -12      .     35     35    -10     19    -21    -13    -10      .
  15    -63      .    -16      .     42     34      3     25    -36    -21    -48      7

  16      .      .    -20     33     58     20      7     15    -21      .      .      8
  17    -29      .    -10     36      .      4    -11    -20    -12      .    -15     25
  18    -69    -28      6      .     36     19    -14    -41     -9     10      1     30
  19      .      .     24     60     34     11     -7    -54     -9      .     18     35
  20    -46      .     31     80     37     -6    -63    -45     -4      .     22      .

  21    -33      .     34     57      .     -9    -67    -56      6    -12      .    -22
  22    -32      .     36     47     15     -5      .    -18      8    -15     39    -64
  23      3     33     54     51     15     -8    -87    -19    -11      .     -1    -74
  24      .     57     60     34     -1    -41    -81    -11      3     -7    -49    -64
  25     43      .      .      8    -33    -58    -70     -3      5     41    -70    -22

  26      .      .     29      9    -44    -52    -47     -5     12     28    -80      .
  27      .      .     19     -9    -56    -58    -16      1     23     27    -73      .
  28     51     56     12    -25    -55    -32    -11     -8     36      .    -39      .
  29      .      .      5    -41    -52     -7      6      3     12    -44     -9    105
  30      .      .      .    -59    -54    -11      0     17      2    -32     28      .
  31     59      .    -14      .    -47      .     17     22      .    -25      .      .