			    Stanford Mean Solar Magnetic Field (microTesla)

       2014                                                                               

        Jan.   Feb.  March  April   May    June   July   Aug.   Sept.  Oct.   Nov.   Dec. 
 day
  01     13    -11      .      .     -5     -9     24     69    -39     27      .      .
  02     -8      .      .    -17     -1    -21     47     34    -28     43     14      .
  03    -30     24      .      5     -4    -37     47      6    -13     29      5      .
  04    -36     15      2      5     -3    -34     30    -32     22      9      3    -61
  05    -57    -33      .     15    -19     12     20    -35     50     -7     -3      .

  06    -52      .    -22     13    -23     44      4    -18     33     -9     -9    -40
  07    -59      .     -3     13    -26     49    -31    -16     -7    -13    -28      .
  08      .      .      1    -12      .     58    -49      6    -38    -12    -18      .
  09    -74      .     -9    -27      8     78    -70     42    -50    -14    -18      .
  10    -64      .    -12    -22     49     55    -42     28    -34    -26     15      .

  11      .    -17     -2     -5     52     -1    -22      6    -29    -35     35      .
  12    -29    -10    -12     15     36    -38    -10      5    -18    -26     77      .
  13     -5     11    -12     31     49    -48      4      6    -10    -12      .      .
  14     -1      .    -13     46     57    -29     20     14    -15      3    160    101
  15    -10      .      7     40     21    -20      0     21    -16     27      .      .

  16     -3     14     14     36    -46    -13     -4      7      0      .      .      .
  17      8     17     24     16    -54      6      6      4      .      .    173      .
  18     15     20     40      0    -37      3     18      2      .    141      .      .
  19      5     17     44    -53    -22     -8     20     -5      .    200      .      .
  20      8     12     26    -57     -6     -1      7      5      .    196      .      .

  21      5     18     19    -34     10     18     -1     15      .    173      .      .
  22     -8      6    -12     -6     18     22     -6     20      .    127      .      .
  23    -12     -7    -46      1      5     10     -7     29    107     75    -25     38
  24      .    -17    -50     11      3      2    -13     66     74     -7     22      .
  25     10    -20     -6      .     10      2     -6     96      .    -35     35      2

  26     -1      .     14      9     10      6      0    112    -20    -20     24     16
  27      .      .      .     -8     10     -1     15    120    -51      5     12      .
  28     -8      .     22    -12      6     -9     40     93    -24     36     10      .
  29      .      .      .    -12      6    -11     69     45     -6     42      .      .
  30    -21      .      2     -3      5     -2     85     -1      9     34      .      .
  31    -23      .      .      .     -2      .     87    -36      .      .      .      .