			    Stanford Mean Solar Magnetic Field (microTesla)

       2009                                                                               

        Jan.   Feb.  March  April   May    June   July   Aug.   Sept.  Oct.   Nov.   Dec. 
 day
  01      .     -2      .      2      .    -10      1     -4     -4     -1     -4     -3
  02     -5     -2     -1      1      .     -6      1     -3      1      2     -6     -6
  03      0     -3      .     -4      .      0      2     -6      1      2     -7     -2
  04     -1     -4     -1     -7      .      0      0     -3      3     -3     -4     -1
  05      .      .      .     -8      .      0     -2      1      0     -3     -1     -4

  06     -5      .     -1     -8     -4      4     -4      0      0     -5      0      .
  07     -3     -5     -6      .      0      1     -1      4     -2     -6      1      7
  08      4    -12     -9      .      3     -4      3      2     -4     -5     -1      3
  09     -1     -6    -10      .      3     -3      5      2     -4     -6     -1      4
  10     -3     -8    -14      3      4      0      7     -1     -6     -5     -3      .

  11     -2    -13    -11      1      2      6      4     -2     -6     -2     -4      .
  12     -3     -9     -8      7     -1      7      5     -2     -4      .      0      .
  13     -8    -13     -2      6     -1      6      3     -4      .      .     -1      .
  14     -9      2      .      6     -1      4      2     -4     -6     -4     -3     -1
  15     -9      .      6      4      4      .     -2     -7     -7     -1      4      .

  16     -9      .     11      4      7      2     -1    -10     -9      0     -3      .
  17     -5      .      7      7      5      0     -2     -9     -5     -2     -7      .
  18     -6      5      7      4      6     -2     -4     -9     -4     -2    -11      8
  19      0      7      4      5      0     -3     -6     -4     -3     -5     -4     13
  20     -2      4      5      3     -2     -2     -8     -8     -5     -2      2     10

  21      .      3      3     -1      0     -5     -8     -8     -3      1      6      .
  22      .      .      5     -1      0     -4     -9      .      0      6     -4      5
  23      .      .      1      3     -4     -5     -7      .      0      5      8      4
  24      .      1      3     -3     -1     -7     -8      .      2      5      6      3
  25      .      1     -2     -2     -1     -7     -6      0      5      0      3      .

  26      8      1     -1     -1     -1     -5     -3      1      4     -3     -3      .
  27      8     -4     -2      1      0     -6     -3      3     -1     -4      .      .
  28      5      .      0      0     -6     -8      1      3      0     -5      1      .
  29      6      .     -1      1     -8     -4      5     -3      2     -4     -1      .
  30      1      .      1     -2     -5      0      8     -5     -4     -3      0      .
  31     -2      .     -1      .     -6      .      3     -6      .     -4      .      .