1982                    CORONAL INDEX OF SOLAR ACTIVITY                    1982
Slovak Academy       Fill-Disk Fe Emission (530.3 nm)         Units=10**16 W/sr
===============================================================================
Day    Jan   Feb   Mar    Apr   May   Jun    Jul   Aug   Sep    Oct   Nov   Dec
-------------------------------------------------------------------------------
 1   19.39 18.42 17.70  15.28 17.82 13.34  12.26 12.79 16.72  20.47 20.88 17.64
 2   19.92 18.48 17.38  16.12 18.07 13.77  11.90 12.95 16.80  18.75 19.22 17.74
 3   19.81 19.35 17.94  14.28 17.73 12.39  11.24 13.29 17.64  16.94 17.85 18.08
 4   19.63 18.27 19.54  15.59 17.33 12.38  11.45 13.64 16.82  16.18 17.85 14.89
 5   18.63 16.86 17.66  14.89 17.19 13.25  10.62 14.00 17.00  14.83 17.12 14.37

 6   18.23 17.12 19.05  15.42 16.45 12.64  10.29 14.54 17.38  15.01 18.65 16.22
 7   17.49 16.35 17.21  16.11 16.48 11.83  11.38 15.30 16.84  14.14 17.01 16.44
 8   16.73 15.36 17.24  16.47 15.52 11.95   9.99 16.03 15.36  13.07 16.23 17.22
 9   16.30 14.19 16.29  15.20 14.04 10.63  10.87 16.53 15.11  13.85 15.58 17.73
10   15.59 13.14 15.81  15.03 13.84 10.91  11.95 16.15 14.22  14.80 16.42 17.57

11   14.84 13.89 14.92  16.20 14.55 11.48  12.40 15.45 14.25  15.38 17.29 18.29
12   14.52 15.00 15.34  17.17 14.35 11.62  12.81 14.91 13.94  15.52 18.07 18.49
13   14.12 15.10 15.47  18.13 15.94 10.30  12.93 13.84 13.03  16.14 15.65 18.02
14   13.90 14.90 15.14  17.75 13.83 10.76  13.11 12.87 13.36  16.24 15.43 17.70
15   15.00 14.55 14.35  16.86 14.14 10.67  13.84 11.93 13.39  17.79 15.69 18.21

16   15.04 14.21 15.10  16.39 13.57 11.25  14.08 10.93 12.49  16.81 17.98 18.56
17   15.61 15.57 14.30  16.68 13.85 11.51  13.59 10.20 12.78  16.72 16.79 18.19
18   15.18 16.49 14.45  16.80 14.94 11.91  13.12 11.07 12.37  16.35 18.88 16.39
19   14.90 17.19 14.44  16.51 13.67 11.88  12.62 11.49 12.60  16.77 18.39 16.98
20   14.54 16.76 13.73  15.90 12.67 12.25  12.36 12.16 15.18  17.34 17.77 17.43

21   14.15 17.71 13.93  14.93 12.83 12.27  12.80 12.94 15.36  19.80 17.90 16.32
22   14.70 19.62 14.27  14.36 12.71 11.93  11.70 13.77 14.78  18.54 18.59 15.21
23   16.40 20.69 13.63  13.79 13.50 11.64  10.79 14.60 16.32  18.72 17.72 14.18
24   14.84 21.02 14.60  14.10 14.49 12.74  10.82 15.61 18.06  19.24 18.73 13.31
25   14.88 20.48 14.25  14.42 14.37 11.92  11.06 16.19 20.21  18.81 18.37 13.17

26   15.80 19.79 13.74  14.85 14.35 11.94  11.31 15.18 21.73  19.48 18.08 12.79
27   15.49 18.61 13.48  15.20 14.28 12.11  11.77 14.98 21.65  19.04 18.83 12.40
28   17.97 18.60 13.21  15.62 13.78 12.52  11.92 15.28 20.61  17.49 19.15 12.76
29   18.46  0.00 13.36  16.33 14.19 12.49  12.20 15.30 20.10  18.50 18.97 13.19
30   16.66  0.00 14.28  17.17 14.62 12.14  12.73 15.61 20.69  18.18 18.86 13.34

31   17.80  0.00 14.72   0.00 13.42  0.00  12.87 16.19  0.00  18.02  0.00 13.74
-------------------------------------------------------------------------------
Mean 16.34 17.06 15.37  15.79 14.79 11.95  12.03 14.06 16.23  17.06 17.80 16.02
-------------------------------------------------------------------------------
                                                        1982 Yearly Mean =15.36
