1954                    CORONAL INDEX OF SOLAR ACTIVITY                    1954
Lomnicky Peak Sta     Full-Disk Fe XIV Emission (530.3 nm)    Units=10**16 W/sr
===============================================================================
Day   Jan   Feb   Mar    Apr   May   Jun    Jul   Aug   Sep    Oct   Nov   Dec
-------------------------------------------------------------------------------
 1    1.73  2.00  2.22   1.87  1.32  2.18   1.99  1.72  1.78   1.66  2.63  3.09
 2    1.52  2.09  2.29   1.86  1.34  2.18   1.87  1.69  1.46   1.90  2.35  3.25
 3    1.73  2.18  2.15   1.88  1.38  2.21   1.81  1.69  1.42   2.05  2.41  3.04
 4    1.74  2.27  2.05   1.83  1.41  2.22   1.98  1.81  1.66   2.14  2.44  3.01
 5    1.74  2.34  1.96   1.89  1.45  2.19   1.88  1.70  1.72   2.17  2.33  2.94

 6    1.73  2.41  1.86   1.93  1.49  2.19   1.88  1.74  1.81   2.12  2.42  2.84
 7    1.71  2.42  1.88   2.00  1.54  2.18   1.85  1.64  1.74   2.13  2.37  2.85
 8    1.68  2.49  1.90   2.02  1.59  2.20   1.80  1.70  1.58   1.92  2.38  2.74
 9    1.71  2.60  1.89   2.03  1.64  2.10   1.75  1.79  1.54   2.08  2.56  2.54
10    1.65  2.71  1.98   2.03  1.69  2.12   1.79  1.84  1.47   2.17  2.90  2.48

11    1.57  2.63  2.04   2.15  1.75  2.12   1.75  1.69  1.79   2.01  3.01  2.42
12    1.50  2.53  2.04   2.05  1.73  2.15   1.79  1.71  1.69   1.84  2.94  2.40
13    1.47  2.44  2.10   2.01  1.77  2.11   1.57  1.85  1.71   1.85  3.00  2.28
14    1.43  2.36  2.13   2.03  1.81  2.01   1.50  2.05  1.75   1.84  2.96  2.18
15    1.40  2.31  1.93   2.05  1.80  1.93   1.46  1.97  1.32   2.13  3.03  2.05

16    1.36  2.20  2.19   2.04  1.79  1.92   1.47  1.89  1.32   2.13  3.04  2.08
17    1.32  2.04  2.27   2.02  1.80  1.92   1.35  1.92  1.37   1.92  2.89  1.97
18    1.36  2.07  1.93   1.96  1.83  1.94   1.32  1.88  1.74   1.97  2.46  1.77
19    1.39  2.05  1.89   1.89  1.91  1.84   1.27  1.93  1.64   2.25  2.48  1.75
20    1.44  2.04  1.88   1.83  1.98  1.92   1.52  1.92  1.55   2.25  2.31  1.70

21    1.54  2.03  1.77   1.74  1.98  2.01   1.59  1.84  1.41   2.16  2.47  1.57
22    1.60  2.01  2.03   1.61  1.92  2.06   1.70  1.78  1.44   2.16  2.38  1.53
23    1.63  1.95  1.94   1.54  2.05  2.08   1.31  1.71  1.54   2.24  2.41  1.49
24    1.76  2.57  1.68   1.47  2.11  2.15   1.39  1.64  1.62   2.32  2.48  1.46
25    1.78  2.49  1.62   1.40  2.20  2.12   1.61  1.67  1.53   2.49  2.56  1.45

26    1.84  2.43  1.79   1.35  2.17  2.15   1.70  1.64  1.35   2.56  2.64  1.41
27    1.93  2.36  1.74   1.31  2.05  2.19   1.67  1.50  1.39   2.63  2.72  1.54
28    1.99  2.29  1.98   1.28  2.05  2.18   1.63  1.37  1.39   2.36  2.79  1.81
29    1.95        1.83   1.29  2.12  2.16   1.37  1.39  1.75   2.58  2.87  2.10
30    1.96        1.74   1.31  2.15  2.15   1.44  1.39  1.58   2.38  2.97  2.23

31    1.99        1.78         2.18         1.53  1.77         2.72        2.29
-------------------------------------------------------------------------------
Mean  1.65  2.30  1.95   1.79  1.81  2.10   1.63  1.74  1.57   2.17  2.64  2.20
-------------------------------------------------------------------------------
                                                       1954 Yearly Mean =  1.96
