1955                    CORONAL INDEX OF SOLAR ACTIVITY                    1955
Slovak Academy       Fill-Disk Fe Emission (530.3 nm)         Units=10**16 W/sr
===============================================================================
Day    Jan   Feb   Mar    Apr   May   Jun    Jul   Aug   Sep    Oct   Nov   Dec
-------------------------------------------------------------------------------
 1    3.22  4.71  3.62   4.85  5.10  4.14   3.83  4.93  4.68   6.94  8.94 10.50
 2    3.53  4.27  3.99   4.80  5.52  3.99   3.89  5.05  4.96   7.44  8.80 10.83
 3    3.48  3.96  4.27   5.62  6.01  4.21   4.78  4.98  4.56   7.32  8.73 11.36
 4    3.68  4.01  4.55   4.42  5.64  4.01   5.20  4.76  4.66   7.76  7.82 11.49
 5    3.94  4.08  4.73   4.12  5.60  3.82   5.42  5.40  5.17   8.73  8.16 10.95

 6    3.66  4.30  4.86   4.01  5.28  3.52   6.18  5.00  4.72   8.26  8.07 11.25
 7    3.75  4.12  5.07   3.88  5.95  3.49   6.63  5.33  4.97   8.01  7.73 11.16
 8    3.76  4.00  5.69   3.90  5.73  3.39   7.17  5.60  5.05   7.85  7.89 11.22
 9    3.73  3.91  5.54   3.93  5.33  3.55   7.95  5.64  4.99   7.78  7.83 11.89
10    3.77  3.89  5.47   3.51  5.51  3.74   8.20  5.45  5.38   7.93  7.48 11.86

11    3.76  3.89  5.30   3.45  5.08  4.01   8.03  6.27  5.56   7.94  7.70 11.70
12    3.61  4.42  5.04   3.43  4.05  4.09   8.03  5.67  5.09   7.09  7.91 12.06
13    3.84  3.84  5.25   3.16  4.28  4.10   7.70  5.66  4.86   6.69  8.08 11.12
14    4.20  3.87  4.83   3.41  4.11  4.11   7.37  5.86  4.48   6.32  8.42 12.06
15    4.42  3.94  5.04   3.53  3.98  4.14   7.06  5.31  4.44   6.14  8.71 12.70

16    4.54  3.97  5.22   3.91  4.09  4.16   7.15  4.98  4.34   5.78  8.99 12.46
17    4.60  4.07  5.04   4.09  3.82  4.52   6.93  5.01  4.01   5.39  9.53 11.79
18    4.56  4.21  4.72   4.08  3.51  4.17   6.72  4.21  3.52   5.17 10.35 11.12
19    4.93  4.10  5.76   4.04  3.64  4.61   6.18  3.71  3.78   4.80 10.74 10.51
20    5.05  4.26  5.74   4.50  3.74  4.84   6.07  3.55  3.68   4.87 10.84 10.26

21    4.65  4.42  5.93   4.53  4.10  4.68   5.86  3.00  3.56   4.98 10.33  9.67
22    4.32  4.35  6.02   4.60  4.66  4.70   6.25  2.78  3.67   5.23  9.60  9.09
23    4.10  4.28  5.88   4.37  4.47  4.67   5.18  2.87  3.83   5.50  9.38  7.82
24    4.08  4.15  5.67   4.17  4.70  4.45   4.79  2.83  4.10   5.46  8.96  7.66
25    4.82  4.05  5.85   4.27  4.95  4.98   4.54  3.12  4.52   6.06  8.87  7.82

26    5.04  4.00  5.18   5.05  4.99  4.10   4.51  3.39  4.70   6.77  8.82  7.90
27    5.00  3.89  5.26   5.46  4.75  3.66   4.56  3.71  4.88   7.05  9.00  8.19
28    4.84  3.73  5.60   5.50  4.74  3.71   4.68  3.68  5.50   7.62  9.48  8.86
29    4.78  0.00  5.27   5.16  4.45  3.70   4.53  4.05  6.22   7.89 10.05  8.39
30    4.93  0.00  5.15   4.74  4.73  3.83   4.87  4.65  6.83   8.28 10.06  8.92

31    5.26  0.00  5.30   0.00  4.43  0.00   4.82  4.92  0.00   8.80  0.00  9.14
-------------------------------------------------------------------------------
Mean  4.25  4.10  5.19   4.28  4.74  4.10   5.97  4.56  4.69   6.83  8.91 10.38
-------------------------------------------------------------------------------
                                                        1955 Yearly Mean = 5.68
