1945                    CORONAL INDEX OF SOLAR ACTIVITY                    1945
Lomnicky Peak Sta     Full-Disk Fe XIV Emission (530.3 nm)    Units=10**16 W/sr
===============================================================================
Day   Jan   Feb   Mar    Apr   May   Jun    Jul   Aug   Sep    Oct   Nov   Dec
-------------------------------------------------------------------------------
 1    3.26  2.63  2.72   3.93  3.47  3.51   3.74  4.08  4.78   5.05  4.03  3.43
 2    3.21  2.60  3.08   4.08  3.52  3.54   3.75  4.24  5.20   5.02  4.01  3.41
 3    3.20  2.59  3.17   4.40  3.54  3.57   3.79  4.70  5.29   4.99  3.99  3.39
 4    3.20  2.59  3.13   4.68  3.54  3.60   3.82  4.97  5.54   4.96  3.97  3.37
 5    3.23  2.60  3.19   4.45  3.53  3.62   3.92  5.22  5.55   4.93  3.95  3.36

 6    3.28  2.61  3.28   4.22  3.51  3.66   4.11  5.48  5.74   4.90  3.93  3.34
 7    3.38  2.67  3.23   4.06  3.47  3.69   4.33  5.72  5.90   4.87  3.91  3.32
 8    3.47  2.82  2.82   3.83  3.45  3.72   4.85  5.96  6.02   4.84  3.90  3.31
 9    3.58  3.01  2.97   3.81  3.43  3.75   4.95  6.13  5.96   4.81  3.87  3.29
10    3.69  3.19  2.80   3.53  3.41  3.78   5.04  6.10  6.03   4.79  3.85  3.27

11    3.84  3.31  2.98   3.10  3.38  3.81   5.15  6.24  5.84   4.76  3.83  3.25
12    3.92  3.47  3.08   2.76  3.36  3.84   5.17  6.27  5.74   4.72  3.82  3.22
13    4.08  3.76  3.27   2.48  3.34  3.87   5.40  6.13  5.56   4.70  3.80  3.20
14    4.24  3.88  3.24   2.27  3.31  3.90   5.19  6.12  5.46   4.67  3.78  3.18
15    4.28  3.86  3.46   2.15  3.29  3.92   5.23  6.00  5.39   4.60  3.76  3.16

16    4.28  3.81  3.29   1.98  3.27  3.96   5.22  5.77  5.35   4.54  3.74  3.13
17    4.35  3.55  3.15   1.92  3.24  3.99   5.20  5.71  5.11   4.49  3.73  3.11
18    4.30  3.66  3.04   1.88  3.22  4.03   5.33  5.54  5.13   4.43  3.71  3.09
19    4.22  3.67  3.24   1.85  3.19  4.06   5.47  5.41  5.17   4.39  3.69  3.07
20    4.18  3.23  3.25   1.84  3.18  4.10   5.36  5.10  5.26   4.34  3.67  3.05

21    4.05  3.27  3.57   1.84  3.18  4.13   5.35  4.90  5.31   4.24  3.65  3.04
22    3.89  3.31  3.73   1.94  3.18  4.16   5.24  4.70  5.32   4.22  3.63  3.01
23    3.70  2.89  3.61   2.13  3.19  4.20   5.12  4.65  5.27   4.20  3.61  3.00
24    3.50  2.89  3.41   2.29  3.21  4.23   5.08  4.53  5.25   4.19  3.59  2.98
25    3.30  2.71  3.30   2.46  3.24  4.23   4.67  4.40  5.22   4.17  3.56  2.96

26    3.15  2.56  3.23   2.66  3.28  4.20   4.44  4.23  5.19   4.15  3.54  3.13
27    2.99  2.53  3.25   2.87  3.33  4.15   4.17  4.15  5.17   4.13  3.52  3.31
28    2.85  2.60  3.24   3.16  3.36  4.07   4.24  4.08  5.14   4.11  3.49  3.45
29    2.74        3.39   3.37  3.40  3.95   4.32  4.12  5.11   4.09  3.47  3.65
30    2.67        3.49   3.43  3.44  3.87   4.07  4.26  5.08   4.07  3.46  3.87

31    2.65        3.67         3.47         3.97  4.50         4.05        4.11
-------------------------------------------------------------------------------
Mean  3.57  3.08  3.23   2.98  3.35  3.90   4.70  5.14  5.40   4.53  3.75  3.27
-------------------------------------------------------------------------------
                                                       1945 Yearly Mean =  3.92
