1988                    CORONAL INDEX OF SOLAR ACTIVITY                    1988
Lomnicky Peak Sta     Full-Disk Fe XIV Emission (530.3 nm)    Units=10**16 W/sr
===============================================================================
Day   Jan   Feb   Mar    Apr   May   Jun    Jul   Aug   Sep    Oct   Nov   Dec
-------------------------------------------------------------------------------
 1    5.72  8.41  9.41  12.54 13.46 17.58  16.40 14.08 12.66  15.22 12.98  9.45
 2    6.56  8.60 11.26  12.00 11.81 17.74  19.43 13.66 13.06  15.45 12.64  9.94
 3    7.90  8.76 12.05  12.88 13.25 17.73  19.60 13.34 13.12  14.85 12.37  8.96
 4    8.31  8.91 12.04  12.89 12.26 19.08  18.66 12.94 12.12  13.36 12.90  9.27
 5    8.51  8.96 10.72  13.39 14.86 15.78  16.50 12.91 11.93  12.56 13.15  9.64

 6    8.26  8.96 11.59  12.22 14.58 18.01  17.32 14.40 11.79  12.08 13.88  9.39
 7    8.36  9.81 11.81  14.89 12.57 17.84  17.52 12.18 11.63  11.61 12.52 10.12
 8    8.95 10.06 12.57  14.37 12.42 18.13  18.47 10.79 10.93  11.23 12.98  8.72
 9   10.37  9.88 12.78  14.39 12.68 18.34  15.60 10.90  9.87  10.74 12.96  8.32
10    9.81 10.08 12.68  14.56 12.73 18.64  15.52 11.04  9.63  11.34 12.52  8.48

11    9.55 10.45 11.09  14.14 14.08 17.29  16.01 10.98  9.35  10.99 13.57  9.21
12    9.21 10.22 11.94  13.83 14.68 18.22  17.96 11.80 10.00  11.31 12.13  9.37
13    8.75 10.32 11.21  13.41 14.44 18.51  18.49 10.58  9.69  11.61 11.76  9.17
14    9.93  9.17 10.26  13.08 14.56 18.85  17.80  9.98  9.50  12.19 11.58  9.27
15   10.00  8.54 10.15  12.94 14.36 18.76  18.39 10.33  9.87  12.11 11.40  9.88

16    8.88  8.09 10.13  13.64 14.92 18.43  19.20 10.44 10.01  12.23 11.42 10.48
17    9.74  9.10  9.91  12.87 15.74 19.01  19.26 10.45  9.67  12.46 11.77 12.64
18    9.16  8.46 10.98  12.41 15.51 19.00  18.27 11.78 10.81  12.42 11.65 12.37
19    8.41  8.47 12.36  12.78 15.26 18.48  18.29 10.77  9.35  12.54 11.13 11.99
20    9.11  9.29 13.63  15.61 15.18 17.77  15.30 10.71 11.60  13.53 10.42 12.78

21    8.80  8.77 13.66  15.08 14.52 16.87  17.78 10.99 12.74  12.60 10.33 13.16
22    8.80  9.75 14.50  13.61 13.95 17.25  18.12 10.73 13.24  12.79 10.74 13.02
23   10.32 10.66 13.63  12.53 13.83 18.31  17.95 10.94 14.29  13.14 10.91 14.37
24   10.27  8.64 14.53   9.99 13.00 18.84  15.59 11.73 14.12  12.64 11.23 13.88
25    9.79  8.88 14.26  11.81 13.13 18.35  18.04 11.97 14.79  12.54 10.60 12.91

26    9.61 10.94 13.26  11.44 13.53 19.22  15.93 11.68 15.67  13.98 10.61 12.58
27    9.21 10.72 10.18  10.68 14.01 19.72  15.72 12.42 16.60  12.25 10.13 12.47
28    8.95 10.26 11.66   9.36 14.63 20.42  14.28 12.90 16.00  12.14  9.85 13.36
29    9.53 10.37 11.53  11.97 16.24 19.35  13.68 13.16 15.33  12.59  9.76 14.79
30    9.05       12.73  13.02 16.54 18.73  14.08 13.33 15.11  12.53  9.37 14.30

31    8.62       12.04        17.66        16.17 13.23        12.92       15.24
-------------------------------------------------------------------------------
Mean  8.98  9.43 11.95  12.94 14.21 18.34  17.14 11.84 12.15  12.58 11.64 11.28
-------------------------------------------------------------------------------
                                                        1988 Yearly Mean =12.71
