1941                    CORONAL INDEX OF SOLAR ACTIVITY                    1941
Slovak Academy       Fill-Disk Fe Emission (530.3 nm)         Units=10**16 W/sr
===============================================================================
Day    Jan   Feb   Mar    Apr   May   Jun    Jul   Aug   Sep    Oct   Nov   Dec
-------------------------------------------------------------------------------
 1    8.75 12.45 10.01   9.08  9.78  9.42   9.10  8.97 11.85  11.20 10.35  9.92
 2    9.02 12.29  9.97   8.60  9.77  9.42   9.08  9.71 11.89  11.03 10.34  9.90
 3    9.25 12.00  9.92   8.27  9.75  9.40   9.07  9.94 11.87  10.90 10.32  9.89
 4    9.58 11.68  9.88   7.87  9.74  9.40   9.06 10.19 11.47  10.84 10.30  9.88
 5    9.60 11.28  9.83   7.57  9.73  9.39   9.05 10.34 11.20  10.74 10.29  9.86

 6    9.86 10.82  9.79   7.25  9.72  9.38   9.04 10.48 10.85  10.73 10.28  9.85
 7   10.02 10.63  9.74   7.15  9.71  9.37   9.03 10.47 10.52  10.71 10.27  9.84
 8   11.20 10.32  9.70   7.23  9.70  9.37   9.01 10.49 10.22  10.70 10.25  9.82
 9   11.37 10.16  9.66   7.21  9.69  9.34   9.00 10.39  9.94  10.68 10.23  9.81
10   11.42 10.15  9.62   7.10  9.68  9.33   8.98 10.00  9.69  10.66 10.22  9.79

11   10.84 10.17  9.57   7.05  9.66  9.31   8.97  9.84  9.47  10.64 10.21  9.78
12   11.18 10.26  9.53   7.07  9.65  9.30   8.96  9.73  9.53  10.62 10.20  9.76
13   10.79 10.43  9.48   7.57  9.63  9.29   8.94  9.60  9.59  10.61 10.20  9.75
14   11.14 10.56  9.67   8.10  9.62  9.27   8.93  9.55  9.65  10.61 10.16  9.73
15   11.19 10.61  9.79   8.69  9.61  9.26   8.92 10.30  9.69  10.58 10.15  9.71

16   11.23 10.57  9.92   9.29  9.61  9.24   8.91  9.89  9.87  10.57 10.14  9.70
17   11.23 10.53 10.04   9.93  9.59  9.24   8.90 10.16 10.11  10.56 10.12  9.69
18   11.44 10.48 10.17  10.64  9.57  9.23   8.89  9.98 11.08  10.54 10.11  9.68
19   11.53 10.44 10.30  11.30  9.57  9.22   8.85 10.12 11.27  10.53 10.10  9.67
20   11.81 10.40 10.87  11.78  9.55  9.20   8.80 10.26 11.33  10.52 10.07  9.65

21   11.82 10.35 11.23  12.08  9.54  9.20   8.72 10.84 11.42  10.50 10.05  9.62
22   11.86 10.32 11.24  11.88  9.54  9.18   8.63 10.86 11.58  10.49 10.04  9.61
23   11.95 10.27 11.16  11.47  9.52  9.18   8.50 10.90 11.71  10.47 10.03  9.52
24   12.07 10.23 11.15  11.22  9.51  9.16   8.38 10.85 12.12  10.46 10.02  9.43
25   12.19 10.19 11.18  10.86  9.50  9.16   8.15 11.15 11.81  10.45 10.00  9.37

26   12.28 10.15 11.23  10.54  9.49  9.14   8.15 11.16 11.69  10.43  9.99  9.28
27   12.36 10.10 11.10  10.25  9.48  9.13   8.30 11.78 11.58  10.42  9.97  9.20
28   12.43 10.08 10.60   9.97  9.47  9.12   8.28 11.61 11.57  10.41  9.97  9.13
29   12.48  0.00 10.06   9.80  9.46  9.11   8.30 11.50 11.33  10.39  9.94  9.00
30   12.51  0.00  9.83   9.79  9.45  9.10   8.33 11.70 11.38  10.38  9.93  8.90

31   12.49  0.00  9.50   0.00  9.44  0.00   8.36 11.84  0.00  10.36  0.00  8.74
-------------------------------------------------------------------------------
Mean 11.19 10.64 10.19   9.22  9.60  9.26   8.76 10.47 10.91  10.60 10.14  9.60
-------------------------------------------------------------------------------
                                                        1941 Yearly Mean =10.05
