1945                    CORONAL INDEX OF SOLAR ACTIVITY                    1945
Slovak Academy       Fill-Disk Fe Emission (530.3 nm)         Units=10**16 W/sr
===============================================================================
Day    Jan   Feb   Mar    Apr   May   Jun    Jul   Aug   Sep    Oct   Nov   Dec
-------------------------------------------------------------------------------
 1    3.00  1.24  0.89   3.90  3.55  3.74   3.98  4.71  5.55   6.05  4.77  3.65
 2    3.01  1.02  1.19   4.16  3.59  3.79   3.96  4.94  5.95   6.01  4.73  3.61
 3    2.99  0.84  1.23   4.49  3.60  3.85   4.03  5.56  6.11   5.98  4.69  3.58
 4    3.02  0.68  1.18   4.79  3.60  3.90   4.10  5.93  6.44   5.96  4.66  3.54
 5    3.11  0.55  1.24   4.50  3.59  3.95   4.26  6.09  6.43   5.93  4.62  3.49

 6    3.21  0.42  1.31   4.25  3.56  4.01   4.53  6.38  6.73   5.90  4.58  3.46
 7    3.31  0.34  1.30   4.05  3.52  4.06   4.80  6.72  6.97   5.87  4.55  3.43
 8    3.46  0.23  0.98   3.78  3.49  4.11   5.47  6.97  7.13   5.85  4.50  3.39
 9    3.62  0.42  1.07   3.80  3.45  4.16   5.57  7.09  7.18   5.82  4.47  3.35
10    3.81  0.60  0.95   3.43  3.42  4.21   5.69  7.08  7.28   5.79  4.43  3.32

11    4.08  0.75  1.12   2.82  3.38  4.26   5.87  7.26  7.10   5.77  4.39  3.28
12    4.18  0.96  1.19   2.31  3.36  4.33   5.94  7.37  7.00   5.73  4.35  3.24
13    4.47  1.14  1.34   1.87  3.32  4.37   6.24  7.31  6.73   5.71  4.32  3.21
14    4.80  1.17  1.29   1.50  3.29  4.42   6.09  7.32  6.63   5.68  4.28  3.17
15    4.87  1.49  1.47   1.22  3.25  4.48   6.14  7.16  6.57   5.61  4.25  3.13

16    4.84  1.52  1.37   0.88  3.23  4.53   6.23  6.84  6.55   5.54  4.21  3.09
17    5.00  1.36  1.36   0.70  3.19  4.58   6.20  6.74  6.24   5.49  4.17  3.06
18    4.84  1.49  1.45   0.59  3.16  4.64   6.23  6.46  6.21   5.42  4.14  3.01
19    4.74  1.20  1.73   0.51  3.13  4.69   6.34  6.39  6.22   5.37  4.10  2.97
20    4.72  1.18  1.86   0.48  3.12  4.74   6.12  5.98  6.33   5.31  4.07  2.94

21    4.44  1.27  2.24   0.49  3.10  4.81   5.97  5.73  6.38   5.16  4.03  2.90
22    4.14  1.30  2.40   0.71  3.13  4.85   5.84  5.52  6.37   5.13  3.99  2.86
23    3.85  0.99  2.42   1.09  3.15  4.90   5.62  5.51  6.28   5.10  3.95  2.83
24    3.51  0.99  2.30   1.45  3.19  4.96   5.59  5.37  6.26   5.07  3.92  2.77
25    3.22  0.82  2.10   1.81  3.25  4.95   5.19  5.28  6.24   5.03  3.87  2.71

26    2.90  0.80  2.09   2.20  3.33  4.88   5.02  5.05  6.20   5.00  3.84  2.63
27    2.53  0.77  2.24   2.56  3.42  4.78   4.62  4.91  6.17   4.96  3.80  2.55
28    2.19  0.79  2.42   3.08  3.49  4.61   4.77  4.81  6.14   4.92  3.76  2.44
29    1.89  0.00  2.82   3.45  3.56  4.40   4.85  4.84  6.11   4.89  3.72  2.34
30    1.65  0.00  3.12   3.51  3.62  4.23   4.55  4.93  6.08   4.85  3.69  2.24

31    1.45  0.00  3.44   0.00  3.69  0.00   4.44  5.21  0.00   4.81  0.00  2.15
-------------------------------------------------------------------------------
Mean  3.58  0.94  1.71   2.48  3.38  4.41   5.30  6.05  6.45   5.47  4.23  3.04
-------------------------------------------------------------------------------
                                                        1945 Yearly Mean = 3.94
