1980                    CORONAL INDEX OF SOLAR ACTIVITY                    1980
Slovak Academy       Fill-Disk Fe Emission (530.3 nm)         Units=10**16 W/sr
===============================================================================
Day    Jan   Feb   Mar    Apr   May   Jun    Jul   Aug   Sep    Oct   Nov   Dec
-------------------------------------------------------------------------------
 1   12.41 10.62 12.14  12.19 11.71 13.55  14.39 14.01 12.91  15.18 10.92 10.53
 2   12.09 12.42 10.94  12.21 11.92 12.91  13.43 12.89 12.36  14.19 10.45 10.30
 3   11.93 12.17 10.96  12.49 11.94 11.72  13.19 13.68 12.07  14.21 11.18 10.03
 4   11.88 11.73 10.71  12.33 11.72 12.09  13.89 14.35 12.01  14.10 10.71 10.12
 5   12.11 11.74 10.88  12.48 11.29 11.44  13.78 14.89 12.33  14.38 10.95  9.99

 6   12.13 11.56 11.56  11.77 11.01 11.56  13.86 16.54 12.80  15.47 11.39 10.01
 7   12.28 10.97 11.88  11.39 10.71 10.67  13.91 14.95 13.34  17.21 10.91 10.39
 8   12.28 11.99 12.34  11.79 10.95 10.79  13.94 13.71 13.88  15.85  9.24 10.22
 9   12.66 12.38 15.08  11.36 10.57 11.04  13.95 14.42 14.97  16.13 10.59  9.39
10   13.05 12.08 14.73  11.01 10.79 11.90  13.96 15.00 15.70  16.67 11.26  9.75

11   13.18 11.68 13.67  10.91 10.31 12.45  14.64 15.14 15.92  16.58 11.08 10.50
12   12.65 11.49 13.40  11.05 10.07 13.00  14.38 15.28 15.77  16.35 11.86 10.67
13   12.12 11.47 12.87  11.41 10.26 13.38  14.49 14.51 15.69  16.31 11.36 10.52
14   11.56 11.49 12.75  11.92 10.98 14.33  14.63 14.39 16.28  14.34 10.61 10.42
15   11.22 11.26 13.30  11.72 11.67 15.18  14.92 14.42 16.51  13.88 11.19 10.60

16   12.05 10.95 11.91  12.45 12.76 15.98  15.17 14.53 15.43  13.56 10.98 11.70
17   10.73 10.89 11.67  13.20 13.24 15.60  16.08 13.74 14.94  13.13 10.39 12.91
18    9.45 11.08 11.32  13.84 14.12 15.36  15.20 13.90 14.11  12.77 10.29 12.07
19    9.24 11.33 10.72  14.41 15.47 15.24  14.94 14.10 12.48  12.11 10.27 12.45
20    9.65 11.78 10.93  14.77 15.29 15.40  15.08 15.31 13.90  11.17  9.64 12.71

21    9.23 11.84 10.87  15.07 15.73 15.51  15.65 15.18 13.12  10.67  9.90 13.18
22    9.40 11.97 10.56  15.69 15.45 15.49  15.64 14.98 11.87  11.94  9.72 13.55
23    8.94 13.00 11.01  15.64 15.59 15.00  18.05 14.85 13.65  12.14  9.54 12.38
24    9.11 14.04 10.78  15.46 15.48 14.75  15.70 14.20 13.01  12.40  9.97 11.36
25    9.75 12.40 11.10  14.73 15.55 16.03  15.97 15.27 13.27  11.66 10.21 12.71

26    9.71 13.07 11.63  14.33 14.66 16.42  16.06 15.04 14.78  10.83  9.66 10.48
27   10.13 11.93 12.18  13.94 14.55 15.54  14.78 14.10 14.79  11.40  9.96 10.65
28   10.41 11.40 12.48  13.54 14.30 15.56  14.08 13.18 14.73  12.08  9.34 10.79
29   10.53 12.26 12.62  12.28 14.50 15.14  13.66 13.00 16.20  12.18  8.95 10.79
30   11.06  0.00 12.59  11.86 13.91 14.76  12.52 12.92 14.47  12.20  9.66 10.80

31   11.64  0.00 12.47   0.00 14.29  0.00  13.37 13.21  0.00  11.54  0.00 10.90
-------------------------------------------------------------------------------
Mean 11.12 11.81 12.00  12.91 12.93 13.93  14.62 14.38 14.11  13.63 10.41 11.06
-------------------------------------------------------------------------------
                                                        1980 Yearly Mean =12.75
