1992                    CORONAL INDEX OF SOLAR ACTIVITY                    1992
Slovak Academy       Fill-Disk Fe Emission (530.3 nm)         Units=10**16 W/sr
===============================================================================
Day    Jan   Feb   Mar    Apr   May   Jun    Jul   Aug   Sep    Oct   Nov   Dec
-------------------------------------------------------------------------------
 1   16.04 14.26 14.23  13.62 12.18  9.58   8.45  8.48  8.79   8.36  8.88 10.68
 2   15.91 13.08 14.33  12.60 12.06  9.58   8.39  9.18  9.00   8.91  8.33  8.88
 3   16.99 12.76 14.26  13.28 11.63  9.94   8.81  9.17  8.93   9.17  8.49  9.84
 4   17.90 13.02 14.12  12.97 11.19  9.98   8.86 10.10  8.79   9.03  8.13  9.61
 5   17.22 12.74 14.25  12.62 10.94  9.75   9.51 10.36  8.55   8.85  8.43  9.49

 6   16.18 12.82 14.32  12.38 10.41 10.20  11.20 10.15  8.75   9.03  8.33  9.63
 7   15.46 12.87 13.88  12.11 11.19 11.12  11.57 10.95  8.41   9.18  8.31 10.20
 8   14.96 13.25 13.86  11.45 11.55  9.91  11.63 11.16  8.47   9.38  8.22  9.45
 9   14.92 14.08 13.77  11.86 12.00 11.21  10.66  9.92  8.43   8.86  9.49  9.53
10   14.78 14.64 13.92  11.53 12.43 11.86  11.44 10.38  8.69   8.57  8.50  9.04

11   14.02 13.64 13.81  11.53 12.98 11.32  11.41 10.36  9.03   8.44  9.71 10.20
12   13.34 12.66 13.40  12.08 12.83 11.63  11.41 10.17  8.63   8.59  8.66 10.66
13   12.98 12.85 12.65  12.68 13.65 12.06  10.93 10.89  8.26   8.42  8.81 10.69
14   12.71 13.01 12.80  12.77 14.02 11.56  10.65 11.28  8.55   8.21  8.94 11.20
15   11.93 12.81 13.00  13.08 14.30 11.24  10.30 10.26  8.59   8.28  8.91 11.10

16   11.98 12.24 13.68  13.26 13.22 10.50  10.38  9.84  9.04   7.99  8.91  9.69
17   11.60 11.66 13.91  13.77 14.07 10.49   9.97  9.42  9.64   7.89  9.21 12.00
18   12.00 12.02 14.26  14.11 13.51 10.47  10.14  9.10  9.49   7.80  9.69 11.86
19   11.98 12.76 13.79  15.23 13.83 10.54  10.08  9.61  9.32   7.79  9.31 11.35
20   11.93 13.22 14.65  14.49 13.45 10.21   9.08  8.40  9.53   7.65  9.11 11.28

21   12.41 13.59 14.65  13.93 13.39  9.67   9.09  7.60  8.81   7.76  8.88 10.81
22   13.04 13.64 14.93  13.42 12.50  9.31   7.74  7.49  8.80   8.24  9.40 10.62
23   12.68 13.92 14.52  13.09 12.35  9.08   7.30  8.06  9.25   8.79  9.83 11.10
24   14.82 14.30 14.06  13.33 11.52  8.44   7.12  7.76  8.18   9.24 10.19 10.73
25   14.54 14.68 13.44  12.60 12.92  8.21   7.14  7.67  7.16   9.54  9.71 10.66

26   15.49 14.67 13.18  13.21 10.50  7.89   7.02  7.68  7.95   9.68  9.20  9.97
27   15.75 14.78 12.59  13.01 10.36  7.45   7.24  7.50  8.34  10.06  9.44 10.04
28   15.60 13.83 12.56  12.93 10.29  7.48   7.08  7.59  8.76  10.04  9.71 10.27
29   15.66 14.20 12.69  12.55  9.72  7.56   7.79  8.26  8.53   9.72  9.76  9.88
30   15.38  0.00 13.00  12.60  9.39  7.95   8.11  7.66  8.30   9.31  9.55  9.87

31   15.22  0.00 14.11   0.00  9.68  0.00   8.19  8.87  0.00   9.07  0.00  9.84
-------------------------------------------------------------------------------
Mean 14.37 13.35 13.76  12.94 12.07  9.87   9.31  9.20  8.70   8.77  9.07 10.33
-------------------------------------------------------------------------------
                                                        1992 Yearly Mean =10.97
1993                    CORONAL INDEX OF SOLAR ACTIVITY                    1993
Slovak Academy       Fill-Disk Fe Emission (530.3 nm)         Units=10**16 W/sr
===============================================================================
Day    Jan   Feb   Mar    Apr   May   Jun    Jul   Aug   Sep    Oct   Nov   Dec
-------------------------------------------------------------------------------
 1    9.38  8.57  8.44   9.16  8.80  8.54   9.12  7.00  4.23   3.46  5.40  5.80
 2    9.66  8.04  8.66   9.08  9.29  8.28   9.08  6.84  3.96   4.03  5.16  5.62
 3    9.83  8.06  8.68   8.68  9.44  8.47   8.04  6.88  3.73   4.02  5.28  5.66
 4    8.62  7.69  8.73   8.68  8.50  8.26   9.12  6.42  3.43   4.15  5.89  5.49
 5    8.82  7.80  8.62   8.69  8.36  8.82   7.29  6.37  3.72   3.76  6.71  5.49

 6    8.89  8.03  8.74   8.33  7.95  8.89   7.78  5.70  3.53   3.50  5.36  5.55
 7    8.85  7.92  8.86   7.62  7.80  8.73   7.40  4.75  3.77   4.18  5.39  5.66
 8    8.96  8.05  9.15   7.59  8.33  8.57   7.04  4.08  4.11   4.37  5.34  5.11
 9    8.60  8.89  8.90   7.41  7.97  8.56   6.63  3.95  4.01   4.34  5.22  5.32
10    8.32  9.69  8.92   7.45  7.68  8.21   6.06  4.60  4.40   4.71  5.66  5.17

11    8.72  8.98  8.74   7.54  7.55  8.43   5.72  4.22  4.72   4.20  5.63  5.16
12    9.51  8.92  9.03   7.33  7.19  8.18   6.02  4.76  4.94   4.70  5.28  4.89
13    9.54  9.06  9.06   7.12  7.18  7.31   6.61  5.03  4.93   4.86  5.04  4.43
14    9.83  9.35  9.54   6.98  7.59  7.30   6.88  5.14  4.47   4.76  5.40  4.24
15    9.34 10.45  8.45   6.64  7.27  6.98   7.09  5.29  4.33   4.68  5.41  3.99

16    9.19  9.52  8.76   6.94  7.57  7.13   7.39  7.08  4.42   5.07  5.31  3.72
17    9.79  7.98  8.19   7.07  7.30  7.38   7.87  5.98  4.23   4.97  5.24  3.73
18    9.60  7.69  8.92   7.48  6.67  7.84   8.27  6.14  4.21   5.00  5.26  3.66
19    7.98  7.44  8.25   7.82  7.12  7.87   9.06  6.04  3.88   4.93  4.90  3.21
20    8.07  7.30  7.97   7.93  6.46  8.05   8.86  5.87  3.72   4.98  6.03  3.50

21    7.35  7.36  7.57   8.20  7.16  8.30   9.09  5.77  3.88   5.05  5.45  3.74
22    7.66  6.51  8.47   8.28  7.57  8.34   9.44  6.15  4.53   5.32  4.99  3.95
23    7.71  6.96  8.53   8.62  8.28  8.41   9.46  5.62  3.93   5.62  4.61  4.19
24    7.77  7.05  8.70   8.81  7.87  9.00   9.02  5.44  4.49   5.74  4.80  4.39
25    7.99  7.09  8.82   8.67  7.23  8.94   9.04  5.29  4.16   5.47  5.28  4.55

26    8.66  7.27  8.83   8.85  7.59  9.34   8.65  5.12  4.58   5.55  5.28  5.03
27    9.22  7.53  9.92   9.49  8.02  9.03   8.08  4.86  4.69   5.40  5.10  5.58
28    9.90  7.87  9.55   8.60  8.15  9.18   7.46  5.26  4.85   4.94  4.97  6.00
29    8.78  0.00  9.68   9.40  8.17  8.62   7.23  5.16  3.96   5.51  4.90  6.36
30    9.19  0.00  9.79   8.53  8.07  9.23   6.47  5.17  3.84   6.30  5.25  6.59

31    8.66  0.00 10.53   0.00  8.18  0.00   7.37  4.68  0.00   5.13  0.00  6.74
-------------------------------------------------------------------------------
Mean  8.85  8.11  8.87   8.10  7.82  8.34   7.83  5.51  4.19   4.80  5.32  4.92
-------------------------------------------------------------------------------
                                                        1993 Yearly Mean = 6.88
1994                    CORONAL INDEX OF SOLAR ACTIVITY                    1994
Slovak Academy       Fill-Disk Fe Emission (530.3 nm)         Units=10**16 W/sr
===============================================================================
Day    Jan   Feb   Mar    Apr   May   Jun    Jul   Aug   Sep    Oct   Nov   Dec
-------------------------------------------------------------------------------
 1    6.70  7.44  7.13   5.42  4.35  3.93   3.84  3.72  3.55   2.16  3.82  2.91
 2    6.82  7.12  7.20   5.11  4.05  3.58   3.53  3.71  3.94   2.20  3.24  3.24
 3    7.26  6.58  7.18   5.11  3.94  3.49   3.69  3.87  3.96   2.16  3.45  3.78
 4    7.13  6.29  6.94   4.83  4.21  3.74   5.09  3.98  4.25   2.29  3.80  3.54
 5    7.38  5.99  6.70   3.76  3.95  3.93   4.19  3.93  4.48   2.39  3.74  3.31

 6    7.32  6.15  6.18   4.42  3.50  4.33   4.09  3.94  3.90   2.65  3.66  3.17
 7    7.12  5.27  6.01   4.37  3.56  4.91   4.14  3.83  4.30   2.66  4.34  3.94
 8    7.35  4.57  5.75   4.25  3.56  4.50   3.97  3.74  4.25   3.09  3.64  3.84
 9    7.50  4.04  5.70   4.26  3.87  4.57   4.48  4.10  3.85   2.82  3.60  3.62
10    6.51  4.95  4.90   4.33  4.14  5.36   4.34  4.08  3.81   3.35  3.38  3.46

11    6.54  5.28  5.22   4.42  3.76  5.54   3.96  3.78  4.07   3.13  3.23  3.36
12    5.98  5.15  5.28   4.33  3.64  5.75   3.65  3.53  3.59   3.38  3.21  3.38
13    5.61  5.24  5.62   4.77  3.80  5.25   3.71  3.38  3.09   3.09  3.40  3.42
14    5.53  5.17  5.29   5.10  3.84  5.38   3.70  3.37  2.74   3.12  3.16  3.44
15    5.85  5.19  5.64   5.87  4.40  5.03   4.01  3.05  2.77   3.36  3.07  3.42

16    5.72  5.95  5.41   6.05  4.45  5.03   3.95  2.88  2.78   3.38  3.07  3.34
17    5.66  5.64  5.73   6.24  3.60  4.76   3.91  3.04  2.74   3.45  3.13  3.25
18    5.80  5.73  5.73   6.45  3.79  4.52   3.58  3.18  2.70   3.93  3.12  3.17
19    5.75  6.42  5.83   6.79  4.04  4.08   3.35  3.31  2.50   3.69  3.07  3.00
20    5.71  6.86  5.90   6.60  4.00  3.82   3.31  3.43  2.76   3.79  2.89  2.88

21    5.84  7.26  6.15   6.44  4.18  3.42   3.36  3.21  2.85   3.68  2.81  2.71
22    5.32  7.46  5.98   5.96  3.94  3.22   3.75  3.13  2.90   3.47  2.69  2.66
23    6.34  7.59  5.76   5.53  3.79  3.28   3.79  3.54  2.81   3.62  2.66  2.78
24    7.72  7.82  5.61   5.68  3.98  2.98   3.37  3.62  3.16   3.94  2.64  2.89
25    7.58  7.60  5.38   5.33  4.20  2.90   3.37  3.54  2.94   3.79  2.67  2.93

26    7.72  7.75  5.28   5.00  3.98  3.01   3.33  3.48  2.75   3.79  2.74  3.08
27    7.88  7.24  5.09   5.19  3.77  3.07   3.52  3.39  2.61   3.33  3.09  3.25
28    8.14  6.87  5.10   5.18  3.41  3.36   4.03  3.43  2.56   3.40  3.15  3.46
29    8.36  0.00  5.34   4.99  3.68  3.59   4.22  3.67  2.35   3.63  3.00  3.61
30    8.13  0.00  5.31   4.66  3.92  3.32   3.70  3.81  2.43   3.86  2.91  3.57

31    7.75  0.00  5.43   0.00  3.86  0.00   3.78  3.31  0.00   3.68  0.00  3.58
-------------------------------------------------------------------------------
Mean  6.77  6.24  5.80   5.21  3.91  4.12   3.83  3.55  3.25   3.23  3.21  3.29
-------------------------------------------------------------------------------
                                                        1994 Yearly Mean = 4.36
1995                    CORONAL INDEX OF SOLAR ACTIVITY                    1995
Slovak Academy       Fill-Disk Fe Emission (530.3 nm)         Units=10**16 W/sr
===============================================================================
Day    Jan   Feb   Mar    Apr   May   Jun    Jul   Aug   Sep    Oct   Nov   Dec
-------------------------------------------------------------------------------
 1    3.52  2.67  2.98   2.61  2.90  2.52   2.80  2.97  3.01   2.80  2.55  2.44
 2    3.54  2.61  2.77   2.66  2.65  2.53   2.66  2.80  3.28   2.81  2.68  2.36
 3    3.59  2.99  2.64   2.67  2.80  2.83   2.48  2.87  3.56   2.71  2.75  2.23
 4    3.62  3.44  2.65   2.55  2.67  2.87   2.36  3.07  3.80   2.43  2.85  2.48
 5    3.37  3.50  3.06   2.61  2.74  3.01   2.09  3.07  4.01   2.22  2.91  2.52

 6    3.17  3.90  3.24   2.46  2.76  2.94   1.93  3.06  4.12   2.46  2.84  2.59
 7    2.95  3.85  3.33   2.33  2.82  3.08   1.68  3.03  4.15   2.58  2.99  2.38
 8    3.25  4.11  3.24   2.26  2.85  3.05   1.58  3.19  4.05   2.61  3.02  2.31
 9    3.55  4.70  3.20   2.30  2.73  3.46   1.41  3.25  3.85   2.65  3.10  2.25
10    3.79  4.99  3.13   2.36  2.70  3.27   1.56  3.22  3.62   2.56  3.17  2.77

11    3.78  3.77  3.11   2.44  2.70  3.39   1.69  2.89  3.38   2.76  3.17  2.39
12    3.83  3.59  2.78   2.46  2.68  3.47   1.88  2.88  3.16   2.67  3.06  2.32
13    3.92  3.35  2.66   2.54  2.59  3.44   2.03  2.88  3.04   2.69  3.30  2.22
14    3.77  3.44  2.45   2.64  2.45  3.35   2.19  2.85  2.93   3.02  3.12  2.24
15    3.88  3.57  2.53   2.77  2.33  3.52   2.34  2.61  2.90   3.14  3.30  2.21

16    3.86  3.77  2.57   3.24  2.40  3.22   2.49  2.55  2.94   3.34  3.13  2.15
17    3.28  3.31  2.66   3.65  2.67  3.02   2.59  2.41  3.03   3.40  3.05  1.98
18    3.02  3.21  2.73   3.52  2.80  2.80   2.67  2.53  3.16   3.25  3.04  1.75
19    2.74  3.25  2.84   3.59  2.74  2.63   2.65  2.66  3.24   3.44  2.94  1.74
20    2.39  3.33  2.75   3.63  2.75  2.41   2.64  2.59  3.26   3.30  2.82  1.77

21    2.32  3.58  2.97   3.79  2.61  2.52   2.83  2.62  3.25   3.22  2.86  1.81
22    2.19  3.67  3.07   4.21  2.50  2.55   2.84  2.68  3.26   3.19  2.40  1.78
23    2.15  3.14  3.06   3.98  2.36  2.56   2.84  2.73  3.25   2.76  2.77  1.90
24    2.12  3.31  3.06   3.27  2.26  2.45   2.90  2.75  3.21   2.48  2.89  1.93
25    2.20  3.42  3.05   3.05  2.21  2.50   3.03  2.72  3.09   2.52  2.66  2.01

26    2.29  3.40  3.02   2.88  2.60  2.48   3.28  2.58  3.16   2.31  2.62  2.07
27    2.40  3.35  3.03   3.09  2.22  2.57   3.42  2.55  3.15   2.51  2.51  2.10
28    2.55  3.12  2.97   3.21  2.22  2.66   3.06  2.57  3.06   2.43  2.41  2.10
29    2.64  0.00  2.52   3.33  2.18  2.76   3.17  2.60  2.88   2.44  2.44  2.51
30    2.64  0.00  2.55   3.12  2.52  2.78   3.22  2.68  2.81   2.45  2.98  2.48

31    2.87  0.00  2.54   0.00  2.28  0.00   3.20  2.81  0.00   2.52  0.00  2.42
-------------------------------------------------------------------------------
Mean  3.07  3.51  2.88   2.97  2.57  2.89   2.50  2.80  3.32   2.76  2.88  2.20
-------------------------------------------------------------------------------
                                                        1995 Yearly Mean = 2.86
1996                    CORONAL INDEX OF SOLAR ACTIVITY                    1996
Slovak Academy       Fill-Disk Fe Emission (530.3 nm)         Units=10**16 W/sr
===============================================================================
Day    Jan   Feb   Mar    Apr   May   Jun    Jul   Aug   Sep    Oct   Nov   Dec
-------------------------------------------------------------------------------
 1    2.35  2.81  1.60   1.47  1.73  1.88   1.77  1.95  2.41   2.28  1.41  2.62
 2    2.26  3.34  1.49   1.56  1.62  1.88   1.75  1.95  2.48   2.10  1.43  2.61
 3    2.22  3.34  1.34   1.42  1.44  2.10   1.80  2.42  2.46   2.10  1.50  2.53
 4    2.32  3.13  1.29   1.31  1.45  2.27   1.65  2.22  2.41   1.72  1.33  2.54
 5    2.26  2.84  1.24   1.21  1.88  1.92   1.85  2.24  2.39   1.50  1.13  2.23

 6    2.25  1.87  1.25   1.08  1.90  2.57   2.01  2.23  2.31   1.34  0.97  2.24
 7    2.16  1.95  0.96   1.15  1.99  2.34   2.47  2.09  2.13   1.23  1.10  2.25
 8    2.07  1.94  0.88   1.44  2.04  1.66   2.46  1.99  1.93   1.00  1.32  2.19
 9    2.17  1.78  0.87   1.32  2.02  1.83   2.49  1.88  1.84   1.18  1.53  3.03
10    2.22  1.41  1.09   1.49  2.07  1.54   2.59  1.41  1.73   1.03  1.84  4.08

11    2.08  1.37  1.37   1.62  2.05  1.23   2.71  1.69  1.73   0.80  2.02  3.49
12    1.98  1.30  1.28   1.64  1.97  1.50   2.39  1.55  1.63   0.93  2.25  3.77
13    1.79  1.46  1.31   1.75  1.86  1.68   2.52  1.52  1.57   1.02  2.37  4.08
14    1.76  1.54  1.30   1.68  1.83  1.58   1.70  1.52  1.55   1.46  2.44  4.06
15    1.99  1.61  1.44   1.72  1.86  1.60   1.72  1.56  1.50   1.62  2.33  4.65

16    2.29  1.66  1.45   1.60  1.87  1.61   1.80  1.59  1.67   1.84  2.30  4.95
17    1.98  1.64  1.32   1.61  1.64  1.63   1.47  1.65  1.67   1.98  2.22  4.01
18    2.21  1.59  1.20   1.74  1.75  1.63   1.50  1.60  1.97   2.14  2.31  3.64
19    2.15  1.49  1.21   1.78  1.86  1.70   1.48  1.71  1.86   2.28  2.48  3.47
20    2.39  1.36  1.00   1.46  1.99  1.75   1.50  1.79  2.30   2.34  2.55  3.37

21    2.60  1.25  1.04   1.56  2.01  1.83   1.61  1.92  2.42   2.23  2.56  3.55
22    3.21  1.19  0.89   1.52  1.76  1.94   1.72  2.10  2.45   2.36  2.56  3.65
23    2.86  1.13  0.98   1.58  1.80  2.04   1.76  2.17  2.45   2.35  2.44  3.30
24    2.92  1.13  1.05   1.88  1.78  2.09   2.07  2.17  2.66   2.23  2.57  2.97
25    2.89  1.17  1.06   1.74  1.70  2.12   2.36  2.12  2.54   2.09  2.49  2.75

26    3.21  1.21  1.15   1.58  1.68  2.05   2.33  1.94  2.56   1.88  1.93  2.64
27    3.14  1.44  1.38   1.58  1.61  2.02   2.13  2.14  2.53   1.82  1.95  3.21
28    3.29  1.51  1.42   1.58  1.46  1.95   2.41  2.15  2.47   2.22  2.14  3.87
29    3.14  1.77  1.48   1.68  1.50  1.84   2.47  2.07  2.47   2.07  2.30  3.40
30    3.29  0.00  1.50   1.83  1.24  1.77   2.36  2.13  2.43   1.86  2.53  2.85

31    3.07  0.00  1.49   0.00  1.24  0.00   2.28  2.29  0.00   1.61  0.00  2.64
-------------------------------------------------------------------------------
Mean  2.47  1.77  1.24   1.55  1.76  1.85   2.04  1.93  2.15   1.76  2.01  3.25
-------------------------------------------------------------------------------
                                                        1996 Yearly Mean = 1.98
1997                    CORONAL INDEX OF SOLAR ACTIVITY                    1997
Slovak Academy       Fill-Disk Fe Emission (530.3 nm)         Units=10**16 W/sr
===============================================================================
Day    Jan   Feb   Mar    Apr   May   Jun    Jul   Aug   Sep    Oct   Nov   Dec
-------------------------------------------------------------------------------
 1    2.75  2.00  1.96   2.46  2.35  2.97   2.87  2.53  3.59   4.63  4.41  5.10
 2    2.84  1.94  1.88   2.79  2.38  2.90   2.74  2.41  3.48   4.60  4.03  5.32
 3    2.86  1.85  2.01   2.99  2.36  2.87   2.59  2.48  3.47   4.55  4.59  5.49
 4    2.64  1.79  2.24   3.17  2.48  2.84   2.41  2.25  3.73   4.62  4.59  5.67
 5    2.68  1.93  2.23   3.30  2.43  2.87   2.76  2.31  3.83   4.43  4.75  5.59

 6    3.08  2.22  2.73   3.36  2.42  2.73   2.67  2.26  3.80   4.73  4.70  5.26
 7    2.86  2.36  2.72   3.35  2.18  2.60   2.49  2.24  3.61   3.76  4.64  5.21
 8    3.04  2.30  2.50   3.07  2.18  2.49   2.46  2.02  3.39   3.91  4.51  5.09
 9    3.22  2.54  2.59   3.20  2.19  2.70   2.45  2.53  3.49   4.12  4.43  5.02
10    3.62  2.52  2.63   3.10  2.18  2.71   2.35  2.25  3.48   4.50  4.10  4.97

11    3.59  2.57  2.31   2.97  1.76  2.44   2.27  2.54  3.63   4.43  3.82  4.77
12    3.87  2.52  2.33   2.81  1.85  2.04   2.02  2.56  3.75   4.29  4.21  4.52
13    3.41  2.49  2.33   2.65  1.95  1.99   2.04  2.64  3.70   4.20  3.93  4.29
14    3.19  2.40  1.97   2.33  2.13  1.98   2.16  2.67  3.70   4.28  3.89  4.21
15    2.89  2.48  2.28   2.46  1.99  2.02   2.31  2.79  4.16   4.47  3.86  4.36

16    3.05  2.43  2.33   2.29  1.89  1.97   2.22  2.66  3.81   4.46  3.94  4.29
17    2.48  1.94  2.33   2.10  1.89  2.21   2.16  2.55  4.08   4.60  4.02  4.10
18    2.67  1.89  2.29   1.97  2.05  2.31   2.12  2.54  4.05   4.33  4.16  4.15
19    2.04  1.97  2.19   1.84  2.23  2.60   2.13  2.58  3.95   3.99  4.17  4.25
20    1.96  1.98  2.00   1.74  2.37  2.99   2.23  2.72  4.21   4.10  4.43  4.31

21    1.80  1.97  2.00   1.63  2.39  3.23   2.29  2.76  4.65   4.07  4.68  4.36
22    1.74  2.04  1.96   1.70  2.62  3.33   1.95  2.58  4.26   4.16  4.90  4.35
23    1.69  2.24  1.97   1.81  2.77  3.54   2.02  2.86  4.16   4.41  5.09  4.45
24    1.55  2.14  1.98   1.95  2.90  3.50   2.11  3.04  4.23   3.46  5.22  4.54
25    1.61  2.08  2.03   1.88  2.99  3.57   2.19  2.97  4.17   3.31  5.21  4.44

26    1.90  1.89  2.10   1.84  3.06  3.59   2.30  3.27  4.11   3.57  5.56  4.23
27    1.76  1.80  2.04   1.77  3.12  3.27   2.38  3.13  4.19   3.50  5.52  4.38
28    1.72  1.85  2.08   2.01  3.13  2.80   2.38  2.92  3.91   3.74  5.41  5.09
29    1.54  0.00  2.16   2.22  3.13  2.91   2.42  3.02  3.80   3.91  5.37  5.13
30    1.33  0.00  2.20   2.42  3.09  2.90   2.50  3.05  4.73   3.97  5.17  5.16

31    1.85  0.00  2.31   0.00  3.06  0.00   2.57  3.09  0.00   4.26  0.00  5.03
-------------------------------------------------------------------------------
Mean  2.49  2.15  2.22   2.44  2.44  2.76   2.34  2.65  3.90   4.17  4.58  4.75
-------------------------------------------------------------------------------
                                                        1997 Yearly Mean = 3.08
1998                    CORONAL INDEX OF SOLAR ACTIVITY                    1998
Slovak Academy       Fill-Disk Fe Emission (530.3 nm)         Units=10**16 W/sr
===============================================================================
Day    Jan   Feb   Mar    Apr   May   Jun    Jul   Aug   Sep    Oct   Nov   Dec
-------------------------------------------------------------------------------
 1    5.37  4.39  4.28   4.04  5.08  5.43   7.07  6.09  7.90   7.52  6.91  8.60
 2    5.39  4.48  4.52   4.19  5.19  6.09   7.61  6.22  8.33   7.55  7.01  8.21
 3    5.65  4.49  4.39   4.25  5.16  6.10   7.86  6.53  8.64   7.58  7.12  7.92
 4    4.80  4.37  4.49   4.69  5.28  6.55   8.10  7.28  8.85   7.56  7.47  8.60
 5    4.65  4.60  4.48   4.97  5.59  6.64   8.25  7.41  9.23   7.54  7.17  8.64

 6    4.52  4.92  4.59   5.04  5.84  7.10   8.34  7.58  9.10   7.84  6.98  8.61
 7    4.32  3.74  4.68   5.44  6.12  7.14   8.72  7.59  9.06   7.77  6.99  8.73
 8    3.94  3.92  4.75   5.70  6.17  8.06   8.67  7.68  8.95   7.66  7.06  8.54
 9    3.80  3.96  4.13   5.89  6.54  7.48   8.55  7.95  8.89   7.97  6.98  8.49
10    4.04  4.18  4.20   6.21  6.48  7.01   8.51  8.38  8.71   7.41  7.58  8.70

11    4.11  4.57  4.40   6.61  6.81  6.59   7.59  7.10  8.72   7.60  7.55  8.58
12    4.24  4.99  4.06   6.77  6.74  6.84   7.08  7.61  8.24   8.17  7.41  8.32
13    3.78  4.55  4.35   6.68  6.63  6.60   7.17  7.65  8.14   7.99  7.34  8.17
14    4.02  4.56  4.70   6.48  6.05  6.43   6.31  7.83  8.11   8.29  7.17  8.16
15    4.27  4.54  4.89   6.33  6.60  6.49   5.74  7.81  7.97   8.15  7.08  8.19

16    4.46  4.67  5.00   6.38  6.22  6.29   5.58  8.19  7.72   7.59  6.87  8.34
17    4.65  4.79  5.31   6.40  5.98  6.40   5.26  7.37  7.43   7.00  6.39  8.15
18    4.80  5.22  5.43   6.17  5.75  6.34   5.61  7.68  7.41   7.21  5.91  8.81
19    4.75  5.26  5.13   5.98  5.65  6.17   5.81  7.15  7.19   7.06  6.30  8.38
20    4.71  4.49  5.43   5.48  5.67  6.12   5.56  7.43  7.03   6.89  6.26  8.42

21    4.49  4.56  5.18   5.66  5.79  6.23   5.52  7.05  6.95   6.33  6.60  8.57
22    4.38  4.86  4.95   5.48  5.72  5.97   5.95  6.75  6.85   5.70  6.63  8.31
23    4.20  5.02  4.69   5.09  5.93  5.86   5.80  6.36  6.81   5.67  7.17  8.25
24    4.30  5.36  4.69   5.33  5.95  5.67   5.74  6.20  7.50   5.96  7.32  8.90
25    4.51  4.77  4.36   5.49  5.87  5.50   5.51  6.24  7.02   6.01  8.00  8.41

26    4.45  4.13  4.35   5.34  5.86  5.92   5.43  6.45  7.10   5.94  7.28  8.76
27    4.31  3.77  4.07   5.11  5.80  6.08   5.45  6.56  7.02   5.93  7.84  9.04
28    4.56  3.85  3.95   4.96  5.60  6.20   5.49  6.67  7.17   5.98  8.05  9.29
29    4.72  0.00  4.00   4.90  5.84  6.31   5.46  6.80  7.57   6.81  8.03  9.59
30    4.87  0.00  4.70   5.07  5.59  6.56   5.86  7.01  7.79   6.62  7.97  9.55

31    5.06  0.00  3.88   0.00  5.31  0.00   5.95  7.42  0.00   6.72  0.00  9.30
-------------------------------------------------------------------------------
Mean  4.52  4.54  4.58   5.54  5.90  6.41   6.63  7.16  7.91   7.10  7.15  8.60
-------------------------------------------------------------------------------
                                                        1998 Yearly Mean = 6.35
1999                    CORONAL INDEX OF SOLAR ACTIVITY                    1999
Slovak Academy       Fill-Disk Fe Emission (530.3 nm)         Units=10**16 W/sr
===============================================================================
Day    Jan   Feb   Mar    Apr   May   Jun    Jul   Aug   Sep    Oct   Nov   Dec
-------------------------------------------------------------------------------
 1    9.59  7.77  9.14   8.71 10.06  8.98   9.30  8.02 11.15   8.06  8.40  8.28
 2    9.48  7.42  9.01   7.99  9.94  9.60   8.61  8.08 10.79   7.70  8.42  8.14
 3    9.94  7.21  8.71   7.28  9.91 10.19   8.34  8.19 10.50   7.58  8.38  8.08
 4    9.85  7.08  8.29   8.81 10.13  9.48   8.42  8.08  8.47   7.53  8.37  8.10
 5    9.18  7.01  7.97   9.34 10.28 10.56   8.69  7.84  9.00   7.50  8.24  8.36

 6    9.02  7.00  8.19   9.26 10.31 10.03   8.45  7.30  8.73   7.55  8.18  8.72
 7    9.17  7.15  8.59   9.23 10.39  9.79   8.22  6.89  8.92   7.41  7.93  9.26
 8    8.37  7.20  8.98   9.34  9.56  9.67   8.19  7.61  8.97   6.99  8.06  9.85
 9    8.79  7.69  9.27   9.69  9.18 10.43   7.62  7.76 10.12   6.73  8.07 10.34
10    8.51  7.96  9.57  10.81  9.52 10.15   7.88  8.90  9.98   6.59  8.01 10.76

11    8.40  8.38  9.32  10.96  9.14  9.85   7.98  9.32 10.15   6.45  7.97 11.35
12    8.27  8.73  9.34  11.04 10.04  7.92   8.15  9.75 10.01   6.37  7.97 11.81
13    8.45  9.49  9.65  10.93  8.95  7.61   8.27  8.92 10.07   6.34  8.00 12.30
14    8.40  9.83  9.72  10.95  9.45  7.29   8.24  9.86 10.05   6.34  7.98 12.75
15    9.19 10.47 10.02  10.88  8.43  8.71   8.06 10.48 10.05   6.34  8.04 12.69

16    9.05 10.79 10.32  11.10  8.89  7.82   8.24 10.36  9.44   6.32  8.26 12.69
17    8.96 10.91  9.35  10.17  8.53  7.23   8.82  9.98  8.90   6.30  8.71 12.71
18    8.83 10.93  9.74   9.69  8.74  6.49   9.92  9.48  8.43   6.45  9.06 12.51
19    8.56 10.98 10.43   9.29  7.74  6.16   9.11  9.57  8.22   6.63  9.33 12.27
20    8.89 10.67 10.03   9.56  7.76  5.91   8.79  8.62  7.93   6.78  9.49 11.75

21    9.29 10.39  9.85   8.34  6.80  5.82   9.63  9.28  7.65   6.85  9.55 11.17
22    9.03  9.77  9.53   8.77  7.85  7.28  10.66 10.09  7.31   6.98  9.53 10.68
23    9.67  9.54  8.93   8.31  7.83  7.13  11.93 10.54  7.02   7.19  9.48 10.21
24    9.78  9.59  8.88   8.41  7.76  7.21  12.14  9.65  6.96   7.39  9.24  9.57
25    9.76  9.59  8.69   8.66  8.69  7.38  10.83  9.97  7.11   7.54  9.04  8.71

26    9.84  9.45  8.67   8.89  8.64  7.48  10.77 10.39  7.06   7.62  8.77  7.74
27    9.72  9.05  8.53   8.73  8.92  7.43  10.78 11.80  7.02   7.95  8.46  7.74
28    9.33  8.68  8.21   9.10  9.47  8.38  11.21 12.89  7.00   8.23  8.13  7.66
29    9.18  0.00  8.42   9.47  9.04  8.75  11.39 10.94  6.93   8.52  8.16  7.53
30    8.67  0.00  8.68   9.65  9.59  9.19  11.29 11.40  7.48   8.53  8.17  7.37

31    8.21  0.00  8.63   0.00  9.39  0.00   8.71 10.50  0.00   8.54  0.00  6.40
-------------------------------------------------------------------------------
Mean  9.08  8.95  9.12   9.45  9.06  8.33   9.31  9.43  8.71   7.20  8.51  9.92
-------------------------------------------------------------------------------
                                                        1999 Yearly Mean = 8.93
2000                    CORONAL INDEX OF SOLAR ACTIVITY                    2000
Slovak Academy       Fill-Disk Fe Emission (530.3 nm)         Units=10**16 W/sr
===============================================================================
Day    Jan   Feb   Mar    Apr   May   Jun    Jul   Aug   Sep    Oct   Nov   Dec
-------------------------------------------------------------------------------
 1    5.64  6.86 11.01  11.52 10.07  8.10   7.61  9.25  8.51  11.14 11.56  8.64
 2    6.73  7.30 11.36  11.23 10.75  8.31   7.52  9.01  8.93  11.29 11.14  7.71
 3    7.19  8.01 11.40  11.00 11.38  7.90   7.48  8.72  9.91  11.07 11.13  8.19
 4    7.83  8.61 11.13  10.94 10.52  7.77   8.06  8.42 11.04  10.93 10.92  8.51
 5    8.29  8.90 11.62  10.87 10.93  7.90   8.54  8.42 10.54  10.81 10.44  8.46

 6    8.54  9.27 11.35  11.16 11.04  8.34   8.42  9.06 11.21  10.77 10.55  8.16
 7    8.20  9.58 11.42  11.90 12.58  9.57   8.88  9.63 10.61  10.57 10.58  8.52
 8    9.31 10.23 11.29  12.97 11.10 10.14   9.19  9.07  9.90  10.20  9.98  8.29
 9    8.76 10.24 11.13  13.69 12.43  9.87   9.21  9.35 11.04   9.35  9.80  8.39
10    8.61 10.38 10.78  14.30 12.08 10.15   9.08  9.35 11.14   8.93 10.07  8.47

11    7.77 10.59 10.39  14.56 11.98  9.88   9.82  9.80  9.23   8.67  8.99  8.87
12    8.22 11.25 10.55  14.47 12.14 10.36   9.49  9.70  9.04   8.29  9.20  8.65
13    7.62 11.48 10.93  14.51 11.74 11.60   9.57  9.36  9.93   8.42  9.41  8.77
14    8.11 11.86 10.75  14.83 11.03 11.81   9.32  8.74  9.88   8.43  9.26  9.25
15    7.80 11.29 10.26  13.97 12.20 10.36   8.89  9.13 10.35   7.52  8.76  9.72

16    7.90 10.99  9.51  12.72 10.46 10.49   8.61  8.14 10.12   7.90  8.50 10.17
17    7.98 10.86  9.72  12.51 11.24  9.75   8.90  7.51  9.75   8.10  8.25 10.51
18    8.41 12.07  9.35  11.76 11.10  9.83   9.80  7.93  9.30   8.13  8.37 10.43
19    8.62 12.19  9.43  12.12  9.61 10.01   8.58  7.93 10.27   8.35  8.42 10.50
20    8.60 12.58  8.91  11.85  9.77 10.29   8.24  7.27  9.10   8.07  8.42 10.79

21    8.15 13.05  8.58  11.94  9.90  9.23   8.33  7.30  9.28   7.60  8.30 11.02
22    8.19 13.70  8.77  10.51  9.04 10.02   8.45  7.69  8.69   9.55  8.23 11.36
23    8.64 13.94  9.28  10.01  9.96 10.21   8.60  7.15  9.15   9.40  8.22 11.03
24    9.21 14.81  9.41  10.05  9.63 10.07   8.77  8.21  9.24   9.65  8.56 10.78
25    9.47 14.31  9.71   9.46  8.74  9.43   8.38  7.33 10.18  10.00  8.88 10.96

26    8.54 13.75 10.44  10.05  9.31  8.78   8.31  6.40 10.30  10.17  8.60 11.07
27    7.62 12.92 10.23  11.36  9.66  8.30   8.69  6.94 10.52  10.39  8.48 10.95
28    7.36 12.21 10.66   9.94  9.70  8.35   8.83  7.86 10.60  11.69  8.39 10.63
29    7.74 11.35 10.95  10.69  9.78  8.15   8.96  8.06 11.21  10.95  8.21  9.89
30    7.36  0.00 11.78  10.30  8.05  7.87   8.88  8.42 10.76  11.24  8.90  9.54

31    7.07  0.00 11.46   0.00  7.69  0.00   8.81  8.67  0.00  11.48  0.00  9.39
-------------------------------------------------------------------------------
Mean  8.05 11.19 10.44  11.91 10.50  9.43   8.72  8.38  9.99   9.65  9.28  9.60
-------------------------------------------------------------------------------
                                                        2000 Yearly Mean = 9.74
2001                    CORONAL INDEX OF SOLAR ACTIVITY                    2001
Slovak Academy       Fill-Disk Fe Emission (530.3 nm)         Units=10**16 W/sr
===============================================================================
Day    Jan   Feb   Mar    Apr   May   Jun    Jul   Aug   Sep    Oct   Nov   Dec
-------------------------------------------------------------------------------
 1    9.53 10.45 11.30   9.74  9.14 10.20   9.56  9.71  9.79  13.88 12.78 12.05
 2    9.49 10.63 11.90   9.97  8.91  9.93   9.46  9.66 10.36  12.30 13.19 13.57
 3    9.51 10.50 11.77  10.00  8.50  9.93  10.37  9.72 10.44  12.24 14.48 10.70
 4    8.75  9.99 11.44   9.88  8.46 10.05  10.62  9.77 10.73  12.46 14.07 12.23
 5    8.88  9.65 11.23   9.51  8.10  9.68  10.54  9.83 11.07  12.44 13.83 11.64

 6    9.64  9.42 11.12   9.11  7.83 10.45   9.76  9.90 10.46  11.72 13.79 11.54
 7   10.08  9.71 11.04   8.75  7.66 10.74   8.93 10.03 11.26  10.80 12.67 12.21
 8    9.57  9.82 10.42   8.94  7.66 11.18   8.14  9.93 11.30  10.06 12.66 12.89
 9    9.45  9.89  9.65   9.01  7.51 11.00  10.57  9.87 11.04  12.08 13.04 11.76
10    9.69  9.97  9.15   8.77  7.71 11.39  10.30  9.80 10.92  12.25 13.10 13.28

11    9.38 10.20  9.25   8.67  7.93 11.20   9.93  9.38 11.01  11.48 13.62 12.80
12    9.26 10.35  9.35   8.29  8.02 11.55   9.85  9.18 11.19  11.33 12.87 12.90
13    9.21 11.10  9.15   8.44  8.00 11.93   9.38  9.37 11.01  11.26 12.75 13.89
14    8.52 11.78  9.16   9.26  7.87 12.17   9.55  8.98 10.59  12.35 12.81 13.46
15    9.41 11.27  8.67   9.29  8.23 11.08   9.97  9.30 10.57  12.61 13.50 12.23

16   10.29 10.48  8.78   8.81  8.13 11.44   9.81  9.64 10.95  12.47 12.90 11.73
17    9.54 10.19  8.92   8.74  7.95 10.58   9.79  9.25 11.24  11.65 12.33 11.51
18    9.16  9.84  9.05   8.82  8.42 10.06   9.96 10.24 11.18  12.10 11.48 11.41
19    9.96  9.54  8.64   9.19  8.91 10.15  10.25 10.89 11.27  12.66 11.17 11.18
20   10.30  8.95  8.88   9.22  9.15  9.87  10.75 11.07 11.10  13.13 10.98 10.88

21   10.59  8.00  8.50   8.94 10.72  9.21  10.89 10.26 12.28  13.27 10.99 10.18
22   10.37  7.68  8.40   9.70 10.77  8.86  11.17 10.46 12.56  13.33 10.30 10.20
23   10.13  7.74  8.16   9.76  9.60  8.72  11.40 10.39 13.31  13.16 10.19 10.50
24   10.02  8.05  7.97   9.80 11.10  8.49  11.25 12.68 13.72  13.05 10.20 11.06
25    9.79  8.38  7.98   9.84 11.91  8.16  11.06 11.55 15.03  14.02 10.02 11.66

26    9.49  8.74  8.10   9.59 11.58  8.02  10.81 10.73 13.75  13.22 10.75 12.33
27    9.74  9.16  8.21   9.35 11.56  8.14  10.63 10.04 14.25  13.36 10.51 12.77
28    9.81 10.29  8.41   9.53 10.92  8.53  10.63 10.40 14.01  13.38 10.88 13.02
29    9.98  0.00  8.73   9.41 10.35  9.14  10.50 10.42 15.54  13.17 11.30 13.60
30    9.99  0.00  8.93   9.24 10.63  9.45  10.21 11.95 14.73  12.98 11.71 13.78

31    9.80  0.00  9.61   0.00 10.87  0.00   9.87  9.94  0.00  13.43  0.00 13.70
-------------------------------------------------------------------------------
Mean  9.66  9.71  9.42   9.25  9.16 10.04  10.19 10.14 11.89  12.50 12.16 12.15
-------------------------------------------------------------------------------
                                                        2001 Yearly Mean =10.53
2002                    CORONAL INDEX OF SOLAR ACTIVITY                    2002
Slovak Academy       Fill-Disk Fe Emission (530.3 nm)         Units=10**16 W/sr
===============================================================================
Day    Jan   Feb   Mar    Apr   May   Jun    Jul   Aug   Sep    Oct   Nov   Dec
-------------------------------------------------------------------------------
 1   13.81 11.55  9.79  10.69 11.91 11.34  10.45 11.15  9.05   8.25  9.12  9.22
 2   13.97 12.21 10.22  10.17 11.87 11.46   9.32 10.81  9.01   7.77  9.37  9.09
 3   14.70 13.00 10.61  10.41 12.48 11.67   9.85 10.47  8.90   8.33  9.69  9.10
 4   15.29 13.93 10.72  10.28 12.27 10.80  10.29 10.27  8.42   8.65  9.69  9.21
 5   14.49 13.10  9.89  10.40 12.18 10.98  10.30 10.91  8.29   8.59  9.61  8.75

 6   14.11 13.85 11.13  10.43 11.89 11.52   9.62 10.02  8.62   9.19  9.16  8.82
 7   13.94 13.87 11.42  10.32 10.27 11.72   9.09  9.89  8.30   8.72  9.42  8.92
 8   14.04 13.43 11.73  10.30 10.17 11.36   8.51 10.26  8.84   8.96  9.50  8.96
 9   13.88 12.97 12.09  10.87  9.95 10.57   8.14  9.76  9.20   9.32  9.51  9.00
10   13.28 12.69 11.91  10.71 10.35  9.55   7.67  9.83  9.16   8.51  9.33  9.12

11   12.42 11.02 11.64  10.53  9.65 10.30   7.11 10.02  9.09   8.32  9.10  9.42
12   11.48 11.57 11.96  10.32  9.23 10.29   6.40  9.86  8.72   8.34  8.86  9.41
13   11.14 10.72 12.27  10.08  9.26  9.59   6.70  9.95  8.77   7.98  8.75  9.38
14   12.63 10.07 12.12  10.38  9.25  8.57   7.00  9.94  9.41   8.12  8.92  9.32
15   12.57 11.00 12.04  10.68  9.43  8.42   7.36  9.79  8.98   8.14  8.75  9.42

16   12.50 11.69 11.60   9.90  9.54 10.14   7.68 10.39  8.96   8.11  8.78  9.27
17   12.06 11.54 11.36   9.21  8.60 10.17   8.07 10.98  8.52   8.14  9.02  9.07
18   11.90 12.59 11.29   9.09  8.42  9.19   8.46 10.54  8.32   8.18  9.12  8.81
19   12.66 12.54 11.63   9.06  8.50  8.99   8.86 10.70  8.44   8.21  9.32  8.67
20   13.45 12.66 11.72   9.19  8.25  9.59   9.25 11.10  8.74   8.51  9.12  8.38

21   13.18 12.67 11.68   9.25  8.40 10.17   9.75 11.12  8.73   8.69  9.25  8.53
22   12.67 12.53 11.37   9.18  8.44 10.33  10.26 10.90  8.66   8.89  9.36  8.81
23   12.79 12.03 11.40   9.34  8.39  8.65  10.63 10.81  8.36   9.08  9.81  9.01
24   12.68 11.56 11.45   9.64  9.10  9.21  11.09  9.80  8.42   9.05 10.04  9.11
25   12.50 10.95 11.55   9.87  9.41  9.84  11.58  9.91  8.84   8.84  9.82  9.12

26   12.47 10.80 11.58  10.02  9.71  9.97  11.78  8.86  9.07   8.94  9.85  8.42
27   12.32  9.99 11.44  10.43 10.02 10.07  11.66  9.31  9.02   9.03  9.76  8.46
28   11.71  9.85 11.35  10.67 10.68 10.23  11.14  9.43  8.52   9.14 10.05  8.37
29   11.22  0.00 11.10  11.19 10.74 10.50  11.19  9.38  8.08   9.26  9.79  8.10
30   11.21  0.00 10.95  11.95 11.13 10.53  11.74  9.38  8.05   9.27  9.56  8.08

31   11.34  0.00 10.81   0.00 11.28  0.00  11.82  9.28  0.00   8.86  0.00  8.13
-------------------------------------------------------------------------------
Mean 12.85 12.01 11.35  10.15 10.02 10.19   9.44 10.16  8.72   8.63  9.38  8.89
-------------------------------------------------------------------------------
                                                        2002 Yearly Mean =10.14
2003                    CORONAL INDEX OF SOLAR ACTIVITY                    2003
Slovak Academy       Fill-Disk Fe Emission (530.3 nm)         Units=10**16 W/sr
===============================================================================
Day    Jan   Feb   Mar    Apr   May   Jun    Jul   Aug   Sep    Oct   Nov   Dec
-------------------------------------------------------------------------------
 1    7.78  8.81  6.84   8.32  4.33  5.91   5.87  4.63  5.61   7.32  6.34  6.92
 2    7.36  8.97  7.29   8.02  4.52  5.50   5.78  5.66  6.07   7.25  7.01  6.35
 3    7.16  8.74  7.61   7.28  4.44  5.99   6.08  5.23  5.61   7.26  7.24  5.49
 4    7.05  8.56  7.96   6.99  4.49  5.69   6.84  5.70  5.85   7.20  7.29  5.55
 5    7.44  8.24  8.64   6.61  4.28  6.24   7.17  5.33  5.79   7.08  6.30  5.13

 6    7.98  7.95  8.73   6.41  4.80  5.47   7.28  5.61  5.62   6.91  5.85  4.90
 7    7.19  8.24  8.09   6.42  5.42  5.62   7.16  5.99  5.71   6.75  5.88  5.07
 8    7.12  8.39  8.66   6.19  6.00  5.63   7.06  6.39  5.50   6.66  7.08  5.05
 9    7.16  8.53  8.36   5.15  5.60  6.16   7.23  5.77  5.34   6.42  6.47  4.07
10    7.23  8.81  8.07   4.93  5.37  5.58   7.04  5.60  5.73   6.19  5.66  4.47

11    8.07  9.24  7.87   4.72  5.50  5.90   6.88  5.06  5.60   5.91  5.05  4.34
12    8.12  9.11  7.46   4.45  5.67  5.51   6.34  5.25  5.46   5.66  5.13  4.36
13    6.91 10.10  6.89   4.47  5.26  6.07   5.87  5.54  5.51   5.47  5.87  4.35
14    6.98  9.93  6.63   4.25  5.43  5.68   5.48  5.54  5.37   5.60  5.65  4.44
15    7.28  9.76  6.21   3.81  5.45  5.29   5.48  5.26  5.61   5.54  5.63  4.48

16    7.59  9.09  5.79   4.05  5.41  5.89   5.22  5.16  6.13   5.37  4.92  4.97
17    7.86  8.50  5.37   4.00  5.97  5.92   5.48  4.97  5.90   5.14  5.07  6.43
18    8.33  6.22  4.95   4.27  6.10  6.37   5.43  5.06  5.82   5.08  5.19  6.16
19    8.82  6.13  4.61   4.70  6.59  6.11   5.47  5.27  6.48   5.15  5.67  6.18
20    8.69  5.67  4.51   5.23  6.81  5.66   5.28  5.47  5.87   5.31  5.58  6.62

21    8.93  5.13  4.55   5.94  6.89  5.52   5.50  5.57  6.45   5.41  5.70  6.83
22    8.47  4.20  4.75   6.32  7.09  5.60   5.62  5.57  6.49   5.43  5.73  7.19
23    8.14  4.28  4.80   6.84  7.99  6.01   5.81  4.97  6.17   5.53  5.84  7.36
24    7.67  4.19  4.75   6.93  7.49  5.85   5.94  4.23  6.43   5.83  6.11  6.80
25    7.62  4.48  4.93   6.83  7.54  5.15   6.02  4.76  6.82   6.01  6.79  6.89

26    7.45  5.11  6.08   6.75  7.39  5.14   5.41  4.62  6.16   6.20  6.63  7.27
27    7.38  5.54  6.52   6.45  7.13  5.28   5.35  5.24  6.61   6.34  6.58  7.22
28    7.21  6.51  6.72   5.83  6.98  5.54   5.55  5.47  6.59   6.44  6.66  7.18
29    7.64  0.00  6.79   5.11  7.45  5.94   5.36  4.97  6.71   6.96  6.61  6.99
30    8.06  0.00  6.48   4.53  6.98  6.06   5.05  5.13  6.93   6.72  6.86  6.93

31    8.53  0.00  6.68   0.00  6.38  0.00   4.89  5.55  0.00   6.34  0.00  6.58
-------------------------------------------------------------------------------
Mean  7.72  7.44  6.57   5.73  6.02  5.74   5.97  5.31  6.00   6.14  6.08  5.89
-------------------------------------------------------------------------------
                                                        2003 Yearly Mean = 6.21
2004                    CORONAL INDEX OF SOLAR ACTIVITY                    2004
Slovac Academy          Full Disk Emission (530.3nm)          Units=10**16 W/sr
===============================================================================
Day    Jan   Feb   Mar    Apr   May   Jun    Jul   Aug   Sep    Oct   Nov   Dec
-------------------------------------------------------------------------------
 1    6.29  5.90  6.70   6.93  6.26  6.18   5.25  4.19  5.48  10.82  7.88  6.92
 2    6.35  6.33  6.83   6.48  6.55  5.79   4.84  4.09  6.68  10.72  7.71  6.48
 3    6.17  6.44  6.99   6.86  6.89  5.68   4.49  4.66  6.62  10.50  7.55  6.50
 4    6.11  6.45  7.02   7.09  5.99  5.57   4.37  5.13  6.11  10.10  7.70  6.56
 5    6.14  6.48  7.00   7.33  6.42  5.35   4.27  4.51  6.76   9.50  7.55  6.55

 6    5.67  6.74  7.09   7.18  6.53  5.01   4.86  4.91  6.60   9.29  7.33  6.74
 7    5.57  6.93  7.03   7.00  5.91  5.30   4.89  4.80  6.97   9.05  7.32  6.78
 8    6.06  7.05  6.89   6.42  5.76  5.19   5.25  5.77  7.50   7.55  7.22  6.62
 9    5.67  7.08  6.67   6.11  5.59  5.02   5.72  6.05  7.10   7.29  7.11  6.67
10    6.32  7.08  6.53   6.00  5.28  4.85   5.71  6.43  6.95   7.07  7.19  6.21

11    7.13  7.07  6.37   5.88  5.33  4.25   6.06  5.91  7.39   6.94  6.60  5.75
12    7.43  6.92  7.02   5.82  4.99  3.69   6.54  6.27  6.11   6.72  6.34  5.91
13    7.83  6.98  7.25   5.82  5.36  4.42   6.82  6.45  7.17   6.36  6.31  5.91
14    8.22  7.11  7.42   5.74  5.30  4.39   6.94  7.02  7.34   5.70  6.10  5.73
15    8.41  7.49  7.54   6.04  5.38  4.40   7.18  6.59  7.33   5.48  6.13  5.44

16    8.70  7.61  7.68   6.13  5.46  4.34   7.43  6.32  7.19   5.48  6.09  4.84
17    8.74  7.57  7.66   5.87  5.61  4.26   7.62  6.20  6.89   5.32  6.16  5.00
18    8.57  7.38  8.71   5.60  5.78  4.39   7.35  6.42  6.12   5.29  6.36  4.99
19    8.53  7.32  8.10   5.32  6.04  4.83   7.22  6.50  6.49   5.43  6.53  5.69
20    8.63  6.92  7.53   5.01  6.12  4.98   6.98  7.28  6.70   5.88  6.72  5.23

21    8.48  7.14  7.09   5.83  6.02  5.09   7.29  6.88  6.76   6.35  6.92  5.14
22    8.11  6.47  6.76   5.68  5.93  5.17   7.63  6.51  6.57   6.54  7.12  5.28
23    7.68  5.97  6.53   5.42  5.79  5.29   7.11  6.47  6.20   6.21  7.32  5.50
24    7.18  5.63  6.57   5.23  5.56  6.07   6.74  7.17  6.33   6.60  7.22  5.53
25    6.80  5.47  6.51   5.10  5.54  6.68   6.24  7.27  6.80   6.94  7.46  5.60

26    6.43  5.72  6.80   5.03  5.89  6.64   5.60  7.01  7.47   7.69  7.37  5.33
27    5.94  6.17  6.46   6.01  6.01  6.45   5.22  6.60  8.00   7.32  7.21  5.45
28    5.58  6.42  6.16   5.45  6.26  6.13   5.23  6.07  8.73   7.02  6.90  5.63
29    5.50  6.54  5.84   5.20  6.06  5.77   4.98  5.93  9.59   7.37  6.75  5.53
30    4.99  0.00  6.06   6.02  5.78  5.56   4.75  5.87 10.29   7.70  6.34  5.27

31    5.46  0.00  6.00   0.00  5.63  0.00   4.61  5.47  0.00   7.88  0.00  5.03
-------------------------------------------------------------------------------
Mean  6.93  6.71  6.93   5.99  5.84  5.22   5.97  6.02  7.07   7.36  6.95  5.80
-------------------------------------------------------------------------------
                                                        2004 Yearly Mean = 6.40
2005                    CORONAL INDEX OF SOLAR ACTIVITY                    2005
Slovac Academy          Full Disk Emission (530.3nm)          Units=10**16 W/sr
===============================================================================
Day    Jan   Feb   Mar    Apr   May   Jun    Jul   Aug   Sep    Oct   Nov   Dec
-------------------------------------------------------------------------------
 1    4.87  3.86  4.04   5.04  4.43  5.36   4.91  6.44  4.14   4.07  2.69  4.11
 2    4.76  3.84  4.12   5.13  4.50  5.05   5.20  6.56  3.75   3.99  2.30  4.47
 3    4.57  3.77  4.88   6.12  4.62  5.30   5.38  6.49  2.98   3.85  2.33  4.73
 4    4.29  4.06  4.33   6.13  4.32  5.18   5.37  6.13  2.81   4.01  2.63  4.88
 5    4.20  4.28  4.86   7.54  4.17  4.90   5.43  6.19  2.79   4.27  2.79  3.83

 6    4.19  5.08  4.91   7.40  4.37  4.73   5.31  6.07  2.91   3.94  2.85  3.88
 7    4.24  5.51  4.95   7.47  4.37  4.42   5.10  5.38  3.05   4.26  2.74  3.95
 8    4.36  5.68  5.24   7.38  4.65  4.11   4.72  4.64  3.01   4.26  2.94  4.07
 9    4.59  5.35  5.51   7.33  4.90  4.27   4.51  4.31  3.11   4.34  2.99  4.12
10    4.90  6.27  5.21   6.94  4.47  4.42   4.36  3.96  3.28   4.49  3.93  4.13

11    5.14  6.28  5.53   6.69  4.63  4.08   4.27  4.61  3.66   4.76  4.02  3.79
12    5.15  6.42  5.71   6.27  4.49  4.09   4.25  4.67  4.06   4.79  4.08  3.60
13    5.16  6.30  5.80   5.83  3.99  3.83   4.28  3.87  4.47   5.11  4.10  3.40
14    5.62  6.24  5.84   5.56  4.11  3.70   4.49  3.29  4.98   5.21  4.10  3.35
15    6.15  6.25  5.73   5.30  3.82  4.29   4.52  3.90  5.24   5.26  3.54  3.30

16    6.41  6.21  5.85   5.11  3.81  4.37   4.46  4.15  5.87   5.20  3.92  3.18
17    6.58  5.49  6.26   5.01  3.40  4.39   4.27  4.50  5.91   5.04  3.76  3.09
18    6.61  5.26  6.19   5.00  3.14  4.65   3.95  4.77  5.82   4.82  3.52  3.06
19    6.34  5.02  5.91   4.82  3.06  3.97   4.09  4.79  5.57   4.51  3.32  3.08
20    6.34  4.86  5.73   4.59  3.78  4.19   4.05  5.04  6.00   4.38  3.11  3.14

21    5.85  4.65  5.60   4.43  3.73  3.99   4.05  5.61  5.53   4.21  2.88  3.21
22    5.55  4.51  5.43   4.33  4.60  4.24   3.90  5.81  5.20   4.02  2.94  3.16
23    5.59  4.30  4.68   4.19  4.16  4.27   4.06  5.76  4.79   3.92  2.85  3.19
24    5.63  4.15  4.27   4.23  4.21  4.48   4.46  5.97  4.83   3.64  2.77  3.26
25    5.43  4.34  3.73   4.28  4.35  3.93   4.58  5.73  4.91   3.27  2.82  3.30

26    5.06  4.09  3.68   4.57  4.60  4.46   4.75  5.60  5.13   3.13  3.04  3.35
27    4.62  4.14  3.51   4.84  4.46  4.84   4.91  5.54  4.71   2.72  3.45  3.48
28    4.84  4.11  3.36   4.61  4.87  5.11   5.01  5.30  4.28   2.66  4.05  3.50
29    5.00  0.00  3.40   4.08  5.04  5.09   5.14  5.11  4.07   2.73  3.95  3.74
30    4.50  0.00  4.77   4.36  4.91  5.21   5.68  5.04  4.12   2.78  3.97  4.14

31    3.76  0.00  4.47   0.00  5.42  0.00   6.07  4.70  0.00   3.03  0.00  4.51
-------------------------------------------------------------------------------
Mean  5.17  5.01  4.95   5.49  4.30  4.50   4.69  5.16  4.37   4.09  3.28  3.68
-------------------------------------------------------------------------------
                                                        2005 Yearly Mean = 4.55
2006                    CORONAL INDEX OF SOLAR ACTIVITY                    2006
Slovac Academy       Full Disk Emission (530.3nm           Units=10**16 W/sr
===============================================================================
Day    Jan   Feb   Mar    Apr   May   Jun    Jul   Aug   Sep    Oct   Nov   Dec
-------------------------------------------------------------------------------
 1    5.83  4.75  5.57   4.60  3.51  6.04   6.03  6.11  4.73   5.75  2.92  2.37
 2    6.63  4.90  5.46   4.39  3.64  6.22   5.91  5.78  4.66   4.64  2.88  2.49
 3    6.79  4.64  5.03   4.19  3.85  6.54   5.82  5.15  4.57   5.91  3.08  2.62
 4    6.22  5.35  4.99   3.98  4.13  6.67   5.75  4.58  4.88   4.63  3.18  2.70
 5    6.15  4.51  5.16   3.77  4.73  5.54   5.92  5.04  5.57   4.81  3.02  2.77

 6    5.92  3.81  5.26   3.78  5.01  5.33   5.95  5.07  5.30   4.99  2.66  2.73
 7    5.83  3.62  4.95   4.50  4.76  5.57   5.57  5.12  5.24   6.00  2.81  2.65
 8    6.11  3.58  4.69   4.60  4.64  5.81   5.26  4.33  5.19   4.72  2.97  2.60
 9    6.00  4.22  4.09   4.59  4.44  5.93   4.92  3.65  5.19   4.97  3.04  2.57
10    3.97  4.31  4.42   4.48  4.34  5.70   4.55  3.65  5.44   3.84  2.85  2.52

11    3.86  4.04  4.94   4.28  4.84  5.48   4.42  3.87  5.49   3.85  2.69  2.48
12    4.00  3.95  4.70   4.17  4.60  5.57   4.42  4.19  5.19   4.33  2.70  2.48
13    4.21  4.08  4.63   4.33  4.37  5.50   3.69  4.01  5.41   4.51  2.67  2.66
14    5.08  4.65  5.18   4.18  4.24  5.67   3.57  3.72  5.34   3.97  2.63  2.94
15    5.55  5.25  5.54   4.03  4.23  5.59   3.82  3.58  5.35   3.71  2.64  3.19

16    5.52  5.59  5.23   3.84  4.18  5.33   4.02  3.28  5.29   4.49  2.58  3.26
17    5.53  6.47  5.48   3.64  4.21  5.43   4.28  4.05  5.41   3.26  2.59  3.27
18    6.27  6.69  5.56   3.67  4.08  5.50   4.40  4.33  5.15   4.38  2.66  3.24
19    6.46  6.59  5.53   3.60  4.23  5.22   4.87  4.75  4.52   3.62  2.71  3.10
20    6.58  6.49  5.49   4.07  4.46  5.71   5.31  5.15  3.90   2.90  2.70  2.89

21    7.78  6.23  4.01   3.98  5.34  5.60   5.80  4.77  3.74   3.06  3.16  2.58
22    8.03  6.14  4.89   3.71  5.46  5.32   6.34  4.11  3.46   3.15  2.69  2.24
23    7.75  6.34  4.05   3.90  4.73  5.56   6.99  5.45  4.26   2.59  2.57  2.31
24    6.75  6.00  3.90   4.02  4.87  5.77   6.31  4.42  4.99   3.65  2.49  2.34
25    6.56  5.58  4.04   3.94  4.95  5.93   6.86  4.43  3.58   2.98  2.41  2.37

26    6.50  5.20  4.29   3.86  5.17  5.91   6.70  4.32  3.35   3.11  2.34  2.45
27    6.26  4.88  4.38   3.53  6.24  5.77   6.47  3.93  4.01   2.97  2.36  2.54
28    6.69  5.56  4.79   3.40  5.84  5.67   6.36  3.70  4.16   3.14  2.16  2.71
29    6.00  0.00  4.55   4.44  5.73  5.91   6.00  4.69  4.26   3.31  2.20  3.10
30    4.98  0.00  3.89   4.15  5.53  6.07   5.72  4.52  4.09   4.83  2.28  3.18

31    4.87  0.00   4.26  0.00  5.51  0.00   5.79  4.61  0.00  2.73   0.00  3.03
-------------------------------------------------------------------------------
Mean  5.96  5.12  4.80   4.05  4.71  5.73   5.41  4.46  4.72   4.03  2.69  2.72
-------------------------------------------------------------------------------
                                                        2006 Yearly Mean = 4.53
2007                    CORONAL INDEX OF SOLAR ACTIVITY                    2007
Slovac Academy       Full Disk Emission (530.3nm           Units=10**16 W/sr
===============================================================================
Day    Jan   Feb   Mar    Apr   May   Jun    Jul   Aug   Sep    Oct   Nov   Dec
-------------------------------------------------------------------------------
 1    2.92  2.46  2.53   1.95  2.04  2.74   3.19  2.28  1.82   2.26  1.63  1.46
 2    2.81  2.38  2.46   2.23  1.74  2.77   3.26  2.32  1.84   1.93  1.61  1.49
 3    2.72  2.32  2.42   2.10  2.11  2.77   3.17  2.32  1.98   1.77  1.52  1.44
 4    2.77  2.60  2.34   1.98  1.76  2.75   2.99  2.29  1.79   1.91  1.62  1.55
 5    2.59  2.68  2.68   1.98  2.00  2.87   2.83  2.22  1.69   1.95  1.67  1.66

 6    2.51  2.72  2.78   2.14  2.05  2.52   2.63  2.19  1.73   1.93  1.67  1.83
 7    2.48  2.83  2.71   2.15  1.95  2.73   2.43  1.99  1.77   1.89  1.64  1.80
 8    2.46  2.65  2.63   2.36  1.95  2.83   2.20  1.80  1.77   1.58  1.70  1.76
 9    2.43  2.60  2.58   2.28  2.06  2.85   2.01  1.60  1.77   1.55  1.73  1.70
10    2.42  2.79  2.57   2.18  2.04  2.82   1.82  1.47  1.63   1.65  1.88  1.81

11    2.35  2.49  3.04   2.07  2.23  2.83   1.69  1.49  1.53   1.57  1.88  1.83
12    2.35  2.39  2.64   2.05  2.34  2.62   1.56  1.53  1.67   1.70  1.79  1.87
13    2.41  2.43  2.34   1.93  2.29  2.73   1.52  1.55  1.87   1.69  1.64  1.96
14    2.44  2.35  2.29   2.02  2.59  2.72   1.50  1.57  1.90   1.64  1.77  1.87
15    2.49  2.39  2.37   1.74  2.51  2.59   1.59  1.64  1.84   1.65  1.87  1.82

16    2.58  2.40  2.77   1.98  2.64  2.38   1.61  1.39  1.74   1.64  1.72  1.82
17    2.42  2.60  2.72   1.95  2.78  2.34   1.62  1.68  1.64   1.63  1.58  1.84
18    2.41  2.73  2.76   2.05  2.37  2.25   1.60  1.85  1.85   1.69  1.53  1.81
19    2.45  2.51  2.81   2.19  2.64  2.29   1.61  1.91  1.91   1.61  1.45  1.75
20    2.90  2.43  2.70   2.36  2.91  1.97   1.66  1.92  1.70   1.59  1.55  1.47

21    3.07  2.41  3.01   2.29  2.54  2.13   1.71  2.00  1.56   1.59  1.54  1.22
22    3.14  2.38  2.97   2.34  2.65  2.03   1.59  2.08  1.52   1.61  1.38  1.19
23    3.03  2.57  2.73   2.48  2.61  1.87   1.50  2.12  1.51   1.62  1.25  1.19
24    3.07  2.66  2.73   2.61  2.56  1.68   1.42  2.32  1.47   1.62  1.26  1.30
25    3.03  2.64  2.69   2.60  2.65  1.98   1.51  2.11  1.84   1.64  1.24  1.32

26    3.41  2.67  2.42   2.40  2.66  2.26   1.57  2.00  1.88   1.62  1.38  1.27
27    3.05  2.60  2.83   2.35  2.58  2.54   1.66  1.99  1.69   1.59  1.32  1.00
28    2.76  2.56  2.36   2.35  2.52  2.67   1.73  2.09  1.69   1.61  1.23  1.22
29    2.53  0.00  2.24   2.44  2.51  2.82   1.82  2.00  1.87   1.63  1.19  1.40
30    2.48  0.00  2.36   2.32  2.65  2.97   1.96  1.95  1.86   1.66  1.45  1.70

31    2.43  0.00  2.42   0.00  2.53  0.00   2.16  1.72  0.00   1.68  0.00  1.75
-------------------------------------------------------------------------------
Mean  2.67  2.54  2.61   2.20  2.37  2.51   1.97  1.92  1.74   1.70  1.56  1.58
-------------------------------------------------------------------------------
                                                        2007 Yearly Mean = 2.11
2008                    CORONAL INDEX OF SOLAR ACTIVITY                    2008
Slovac Academy       Full Disk Emission (530.3nm           Units=10**16 W/sr
===============================================================================
Day    Jan   Feb   Mar    Apr   May   Jun    Jul   Aug   Sep    Oct   Nov   Dec
-------------------------------------------------------------------------------
 1    1.16  2.11  2.02   2.19  2.42  1.62   1.57  1.14  1.11   1.46  1.29  1.43
 2    1.14  2.18  1.97   1.98  2.18  1.64   1.62  0.70  1.23   1.47  1.34  1.47
 3    1.15  2.01  2.30   1.84  2.01  1.63   1.65  0.89  1.00   1.42  1.39  1.54
 4    1.28  2.08  2.18   1.83  1.86  1.56   1.68  0.98  0.99   1.42  1.40  1.45
 5    1.46  1.77  2.20   1.80  1.76  1.48   1.72  1.12  0.99   1.38  1.44  1.36

 6    1.37  1.63  2.01   1.77  1.60  1.53   1.73  1.21  0.99   1.38  1.41  1.33
 7    1.37  1.65  2.11   1.74  1.85  1.59   1.76  1.27  1.14   1.34  1.38  1.31
 8    1.78  1.43  1.70   1.70  1.54  1.64   1.72  1.32  1.36   1.40  1.34  1.30
 9    2.06  1.20  1.93   1.59  1.55  1.69   1.70  1.52  1.27   1.36  1.44  1.31
10    2.06  1.62  1.59   1.45  1.59  1.54   1.66  1.24  1.29   1.35  1.39  1.27

11    2.12  1.47  1.36   1.48  1.62  1.83   1.61  1.49  1.49   1.29  1.45  1.25
12    2.01  1.58  1.24   1.53  1.74  1.81   1.57  1.22  1.55   1.22  1.44  1.27
13    2.08  1.56  1.27   1.66  1.89  1.74   1.51  1.71  1.98   1.18  1.49  1.29
14    2.29  1.71  1.08   1.82  1.99  1.78   1.46  1.61  1.57   1.78  1.53  1.29
15    1.99  1.82  1.18   2.05  1.87  1.73   1.42  1.55  1.53   1.36  1.56  1.36

16    1.40  1.90  1.28   2.32  1.91  1.68   1.38  1.39  1.48   1.34  1.57  1.35
17    1.36  1.92  1.32   2.66  1.96  1.68   1.35  1.35  1.51   1.34  1.60  1.35
18    1.44  1.91  1.35   2.79  2.04  1.48   1.39  1.56  1.52   1.29  1.62  1.35
19    1.34  2.00  1.51   2.89  2.07  1.30   1.43  1.89  1.51   1.42  1.52  1.34
20    1.21  1.95  1.49   3.05  2.06  1.42   1.44  1.23  1.31   1.53  1.57  1.33

21    1.18  1.66  1.53   3.15  2.02  1.44   1.45  1.45  1.19   1.36  1.64  1.32
22    1.16  1.47  1.56   2.86  2.11  1.42   1.38  1.53  1.16   1.33  1.81  1.28
23    1.18  1.49  1.59   3.01  2.23  1.37   1.42  1.51  1.19   1.25  1.79  1.24
24    1.24  1.45  1.96   2.97  2.21  1.35   1.38  1.49  1.20   1.27  1.78  1.20
25    1.16  1.36  2.28   2.76  2.05  1.33   1.40  1.39  1.23   1.27  1.73  1.31

26    1.14  1.64  2.31   2.92  2.06  1.53   1.42  1.28  1.21   1.18  1.74  1.34
27    1.17  1.71  2.31   2.88  2.06  1.48   1.26  1.36  1.15   1.34  1.76  1.34
28    1.54  1.79  2.35   2.40  2.04  1.51   1.14  1.34  1.30   1.26  1.79  1.32
29    1.96  1.86  2.40   2.89  1.97  1.52   1.06  1.38  1.40   1.23  1.50  1.36
30    2.17  0.00  2.63   2.59  1.73  1.54   0.96  1.26  1.39   1.25  1.47  1.44

31    1.96  0.00  2.55   0.00  1.51  0.00   1.07  1.07  0.00   1.35  0.00  1.61
-------------------------------------------------------------------------------
Mean  1.55  1.72  1.82   2.29  1.92  1.56   1.46  1.34  1.31   1.35  1.54  1.35
-------------------------------------------------------------------------------
                                                        2008 Yearly Mean = 1.60
