1963                    CORONAL INDEX OF SOLAR ACTIVITY                    1963
Lomnicky Peak Sta     Full-Disk Fe XIV Emission (530.3 nm)    Units=10**16 W/sr
===============================================================================
Day   Jan   Feb   Mar    Apr   May   Jun    Jul   Aug   Sep    Oct   Nov   Dec
-------------------------------------------------------------------------------
 1    4.26  4.58  3.28   3.27  3.36  4.36   5.41  4.41  4.36   3.23  3.45  4.44
 2    4.59  4.09  3.14   3.28  3.49  4.39   5.45  4.11  3.80   3.32  2.87  4.52
 3    4.67  4.26  3.27   3.22  3.75  4.53   5.75  4.63  3.94   3.39  2.77  4.39
 4    4.84  4.57  3.30   3.23  4.32  4.52   6.01  4.14  4.08   3.57  2.72  4.27
 5    4.93  4.39  3.34   3.23  4.44  4.51   5.68  3.78  4.28   3.83  2.61  4.13

 6    4.91  4.10  3.47   3.18  4.69  4.39   5.38  3.58  4.44   4.01  2.65  3.75
 7    4.88  4.24  3.55   3.41  4.52  4.33   5.21  3.51  4.59   4.13  2.68  3.33
 8    4.81  4.23  3.70   3.54  4.98  4.24   5.17  3.45  4.75   4.39  2.73  3.52
 9    4.73  4.26  3.85   3.71  5.02  4.29   4.82  3.43  5.07   4.48  2.76  3.63
10    4.59  4.16  3.88   3.82  4.95  4.32   4.46  3.19  4.83   4.67  3.01  3.80

11    4.42  3.88  4.04   3.77  4.63  4.33   3.53  3.14  4.40   4.74  3.15  3.64
12    4.25  3.86  4.08   4.02  4.31  4.34   3.34  3.15  4.31   4.72  3.35  3.46
13    4.08  4.17  4.10   4.17  4.16  4.24   3.33  3.17  4.41   4.49  3.64  3.35
14    3.96  4.62  3.96   4.15  4.31  4.26   3.81  3.25  4.73   4.60  4.16  3.27
15    3.86  5.17  3.71   4.28  4.33  4.31   4.12  3.36  5.24   4.62  4.43  3.22

16    3.81  5.70  3.50   3.95  4.30  4.23   4.20  3.49  5.70   4.69  4.90  3.13
17    3.74  6.22  3.32   3.58  4.28  4.15   3.76  3.60  6.15   4.64  4.85  3.43
18    3.68  6.60  3.04   3.58  4.41  4.05   3.97  3.63  6.59   4.18  4.64  3.55
19    3.64  6.71  2.73   3.52  4.56  3.96   4.12  3.89  6.76   4.08  4.70  3.59
20    3.72  6.56  2.07   3.74  4.55  3.94   4.15  4.37  6.76   4.52  4.67  3.54

21    3.69  6.25  1.96   3.90  4.67  4.04   4.24  4.39  6.72   4.22  4.59  3.66
22    3.69  5.76  2.19   3.51  4.33  3.57   4.23  4.38  6.58   4.15  4.60  3.55
23    3.56  5.20  2.49   3.37  4.28  3.63   3.97  4.50  6.03   4.07  4.44  3.84
24    3.72  4.54  2.86   3.30  4.34  3.72   4.14  4.57  4.93   3.40  4.48  3.68
25    3.60  3.96  2.62   3.27  4.17  4.05   4.36  5.10  4.65   3.75  4.56  3.32

26    3.95  3.66  2.68   3.23  4.10  4.28   4.37  5.67  4.44   4.00  4.73  3.54
27    4.22  3.37  2.89   3.23  4.10  4.39   4.34  4.95  4.12   3.62  4.95  3.58
28    4.34  3.26  3.10   3.24  4.13  4.42   4.52  4.92  3.76   3.45  5.23  3.12
29    4.49        3.23   3.66  4.31  4.67   4.56  4.91  3.38   3.39  5.45  3.16
30    4.57        3.32   3.51  4.64  4.77   4.82  4.82  3.22   2.82  5.53  2.80

31    4.45        2.97         4.26         4.76  4.70         3.08        2.57
-------------------------------------------------------------------------------
Mean  4.21  4.73  3.21   3.56  4.34  4.24   4.52  4.07  4.90   4.01  3.98  3.57
-------------------------------------------------------------------------------
                                                       1963 Yearly Mean =  4.11
