1996                    CORONAL INDEX OF SOLAR ACTIVITY                    1996
Slovak Academy       Full-Disk Fe XIV Emission (530.3 nm)     Units=10**16 W/sr
===============================================================================
Day   Jan   Feb   Mar    Apr   May   Jun    Jul   Aug   Sep    Oct   Nov   Dec
-------------------------------------------------------------------------------
 1    3.42  2.54  2.41   2.37  2.92  2.51   3.82  3.17  5.89   4.79  2.23  2.71
 2    3.52  3.20  2.19   2.50  3.09  2.57   3.99  3.33  6.29   4.24  1.87  2.81
 3    3.59  3.11  1.84   2.15  2.50  2.43   3.71  3.82  6.26   3.66  1.61  2.67
 4    3.55  2.86  1.59   1.99  2.57  3.07   3.50  3.70  6.00   2.42  1.55  2.65
 5    3.48  3.05  1.48   1.96  3.58  2.43   3.59  3.86  5.65   2.32  1.34  2.44

 6    3.86  2.16  1.45   1.80  3.62  3.15   4.11  3.73  5.19   2.29  1.20  2.34
 7    3.89  2.73  1.45   1.94  3.86  3.07   4.48  3.34  4.43   1.71  1.35  2.37
 8    3.57  2.69  1.45   2.30  4.03  2.45   4.29  3.09  3.81   1.42  1.57  3.11
 9    3.29  2.54  1.52   2.14  3.69  2.71   4.14  2.88  3.30   1.80  1.90  3.53
10    2.90  2.02  1.62   2.40  3.91  3.08   4.05  2.57  2.94   1.72  2.77  4.56

11    2.54  2.17  2.09   2.59  3.76  2.57   3.97  3.30  2.85   1.29  3.20  4.89
12    2.53  2.21  1.96   2.50  3.50  3.00   3.83  2.90  2.82   1.50  3.66  4.90
13    2.43  2.46  1.99   2.63  3.15  3.32   3.26  2.78  2.65   1.54  4.06  5.52
14    2.10  2.55  1.98   2.43  3.03  3.42   2.48  2.79  2.60   2.03  4.39  6.26
15    2.08  2.57  2.07   2.26  3.21  3.50   2.53  2.79  2.78   2.99  4.65  6.58

16    2.49  2.48  1.89   2.04  3.44  3.54   2.60  2.84  3.17   3.52  4.87  7.00
17    2.40  2.46  1.79   1.99  2.81  3.18   2.41  2.89  3.63   3.70  4.92  6.65
18    2.75  2.29  1.59   2.18  2.96  2.99   2.27  2.89  4.16   4.01  4.90  6.30
19    2.72  2.10  1.55   2.32  3.09  2.95   2.13  2.91  3.64   4.18  4.87  6.18
20    2.72  1.91  1.29   1.78  3.38  2.89   2.12  2.99  4.18   4.26  5.25  6.16

21    2.53  1.73  1.43   1.93  3.41  2.88   2.24  3.29  4.83   4.29  5.26  6.11
22    3.14  1.55  1.18   1.94  2.84  2.90   2.52  3.69  4.94   4.29  5.02  5.91
23    2.66  1.56  1.20   2.07  2.33  2.90   2.40  3.77  5.11   4.46  4.54  5.60
24    2.45  1.73  1.27   2.49  2.15  3.13   2.58  3.83  5.25   4.46  4.13  5.46
25    2.81  1.87  1.40   2.58  1.94  3.25   2.64  3.81  5.24   4.15  3.71  5.12

26    2.71  1.93  1.62   2.62  1.92  3.53   2.56  3.73  5.74   3.80  3.66  5.11
27    2.84  2.13  2.25   2.51  1.84  3.65   2.52  4.39  5.96   3.69  3.00  5.16
28    2.79  2.12  2.03   2.47  1.57  3.65   3.26  4.57  5.49   4.04  2.63  5.31
29    2.37  2.29  2.21   2.70  1.58  3.60   3.43  4.71  5.38   4.17  2.44  5.08
30    2.57        2.32   2.98  1.39  3.69   3.38  5.06  5.19   3.49  2.63  4.71

31    2.50        2.35         1.48         3.31  5.56         2.76        3.68
-------------------------------------------------------------------------------
Mean  2.88  2.31  1.76   2.29  2.86  3.07   3.17  3.51  4.51   3.19  3.31  4.74
-------------------------------------------------------------------------------
                                                        1996 Yearly Mean = 3.13
