1980                    CORONAL INDEX OF SOLAR ACTIVITY                    1980
Lomnicky Peak Sta     Full-Disk Fe XIV Emission (530.3 nm)    Units=10**16 W/sr
===============================================================================
Day   Jan   Feb   Mar    Apr   May   Jun    Jul   Aug   Sep    Oct   Nov   Dec
-------------------------------------------------------------------------------
 1    9.73  6.98 10.36   8.42  9.98  9.34   8.88  9.54  7.75  15.21  8.79  6.98
 2    7.22  7.19  8.81   8.94  9.88  9.10   8.20  9.12  8.65  13.95  8.36  7.46
 3    6.83  8.09  9.14   8.77  9.87  9.04   8.52 10.27  8.98  11.88  7.95  7.21
 4    6.60  7.66  8.97   8.63  9.88  9.20   8.95 11.13  9.54  11.39  7.41  7.37
 5    6.39  7.71  9.12   8.22  9.85  7.84   8.61 11.77 10.48  10.87  8.33  7.32

 6    6.03  7.65 10.72   7.87  9.69  7.98   8.67 13.37 10.70  12.00  8.50  7.29
 7    6.13  7.21 11.75   8.25  9.36  7.65   8.70 11.55 12.14  12.95  8.47  7.82
 8    6.35  7.61 10.44   7.91  9.00  8.37   8.71 10.51 14.22  13.13  7.34  8.19
 9    8.18  8.15 13.74   7.42  8.60  9.15   8.69 11.21 15.06  13.43  8.35  7.43
10    9.33  8.43 13.47   7.08  8.57  9.27   8.72 10.93 14.88  13.30  9.08  7.28

11    9.88  8.34 12.69   7.05  8.44  8.93   8.75 10.06 14.23  13.66 10.58  8.29
12    9.87  8.47 12.01   7.25  8.17  9.60   9.07 10.88 13.31  14.38  8.50  8.47
13   10.83  8.76 10.70   7.56  8.21 10.17   9.22  9.93 14.25  15.19  8.65  8.26
14   10.98  8.98  9.83   7.68  8.65 10.91   9.32  8.75 14.60  17.28  8.71  8.12
15   10.49  9.22 11.63   8.11  8.44 11.41   9.92  9.59 13.04  12.56  9.38  8.17

16   11.61  9.49 10.02   8.03  9.19 11.68  10.00  8.98 10.71  11.93  9.00  8.56
17   10.63  9.82  8.86   8.69  9.63 11.55  11.12  8.50 10.28  11.37  8.46 11.14
18    9.49 10.27  8.61   9.25 10.24 11.47  10.50  9.56 10.03  12.26  7.35 10.17
19    9.32 10.73  8.13   9.69 11.17 11.31  10.38  9.08  9.79  12.95  7.55 10.47
20    9.52 11.35  8.47   9.82 10.59 11.27  10.50  8.14 10.30  11.31  7.49 10.66

21    8.85 11.53  8.81  10.13 10.62 11.26  12.17  9.33 10.10   9.02  7.30 10.85
22    9.89 10.78  8.57  10.31 10.39 11.43  11.14  9.13  9.81   9.98  7.15 11.97
23    9.07 12.37  8.79  10.18 10.49 11.36  14.62  7.53 11.19   9.81  7.09 10.84
24    8.83 13.18  8.75  10.25 10.53 11.28  11.43  7.28 11.66  10.01  7.21  9.57
25    8.29 11.34  8.77  10.20 10.39 11.40  11.62  7.06 12.58   9.66  7.28 11.34

26    8.07 11.81  8.85  10.11  9.94 10.85  11.45  7.09 14.08   8.88  7.11  9.43
27    8.05 10.49  8.88  10.06 10.27 10.63  10.62  7.37 14.25   9.08  6.96 10.08
28    8.19  9.15  9.06   9.90 10.06 10.78   9.55  6.32 15.00   9.89  7.04 10.94
29    7.83 10.24  9.15   9.49 10.39 10.18   9.63  6.03 16.06   9.14  6.69 11.73
30    8.05        8.69   9.79  9.91  9.57   8.39  6.60 14.58   8.59  6.72 12.42

31    8.17        8.47         9.71         9.49  7.17         8.54       13.09
-------------------------------------------------------------------------------
Mean  8.57  9.41  9.81   8.84  9.68 10.13   9.86  9.15 12.08  11.73  7.96  9.32
-------------------------------------------------------------------------------
                                                        1980 Yearly Mean = 9.72
