2002                    CORONAL INDEX OF SOLAR ACTIVITY                    2002
Slovak Academy       Fill-Disk Fe Emission (530.3 nm)         Units=10**16 W/sr
===============================================================================
Day    Jan   Feb   Mar    Apr   May   Jun    Jul   Aug   Sep    Oct   Nov   Dec
-------------------------------------------------------------------------------
 1   13.81 11.55  9.79  10.69 11.91 11.34  10.45 11.15  9.05   8.25  9.12  9.22
 2   13.97 12.21 10.22  10.17 11.87 11.46   9.32 10.81  9.01   7.77  9.37  9.09
 3   14.70 13.00 10.61  10.41 12.48 11.67   9.85 10.47  8.90   8.33  9.69  9.10
 4   15.29 13.93 10.72  10.28 12.27 10.80  10.29 10.27  8.42   8.65  9.69  9.21
 5   14.49 13.10  9.89  10.40 12.18 10.98  10.30 10.91  8.29   8.59  9.61  8.75

 6   14.11 13.85 11.13  10.43 11.89 11.52   9.62 10.02  8.62   9.19  9.16  8.82
 7   13.94 13.87 11.42  10.32 10.27 11.72   9.09  9.89  8.30   8.72  9.42  8.92
 8   14.04 13.43 11.73  10.30 10.17 11.36   8.51 10.26  8.84   8.96  9.50  8.96
 9   13.88 12.97 12.09  10.87  9.95 10.57   8.14  9.76  9.20   9.32  9.51  9.00
10   13.28 12.69 11.91  10.71 10.35  9.55   7.67  9.83  9.16   8.51  9.33  9.12

11   12.42 11.02 11.64  10.53  9.65 10.30   7.11 10.02  9.09   8.32  9.10  9.42
12   11.48 11.57 11.96  10.32  9.23 10.29   6.40  9.86  8.72   8.34  8.86  9.41
13   11.14 10.72 12.27  10.08  9.26  9.59   6.70  9.95  8.77   7.98  8.75  9.38
14   12.63 10.07 12.12  10.38  9.25  8.57   7.00  9.94  9.41   8.12  8.92  9.32
15   12.57 11.00 12.04  10.68  9.43  8.42   7.36  9.79  8.98   8.14  8.75  9.42

16   12.50 11.69 11.60   9.90  9.54 10.14   7.68 10.39  8.96   8.11  8.78  9.27
17   12.06 11.54 11.36   9.21  8.60 10.17   8.07 10.98  8.52   8.14  9.02  9.07
18   11.90 12.59 11.29   9.09  8.42  9.19   8.46 10.54  8.32   8.18  9.12  8.81
19   12.66 12.54 11.63   9.06  8.50  8.99   8.86 10.70  8.44   8.21  9.32  8.67
20   13.45 12.66 11.72   9.19  8.25  9.59   9.25 11.10  8.74   8.51  9.12  8.38

21   13.18 12.67 11.68   9.25  8.40 10.17   9.75 11.12  8.73   8.69  9.25  8.53
22   12.67 12.53 11.37   9.18  8.44 10.33  10.26 10.90  8.66   8.89  9.36  8.81
23   12.79 12.03 11.40   9.34  8.39  8.65  10.63 10.81  8.36   9.08  9.81  9.01
24   12.68 11.56 11.45   9.64  9.10  9.21  11.09  9.80  8.42   9.05 10.04  9.11
25   12.50 10.95 11.55   9.87  9.41  9.84  11.58  9.91  8.84   8.84  9.82  9.12

26   12.47 10.80 11.58  10.02  9.71  9.97  11.78  8.86  9.07   8.94  9.85  8.42
27   12.32  9.99 11.44  10.43 10.02 10.07  11.66  9.31  9.02   9.03  9.76  8.46
28   11.71  9.85 11.35  10.67 10.68 10.23  11.14  9.43  8.52   9.14 10.05  8.37
29   11.22  0.00 11.10  11.19 10.74 10.50  11.19  9.38  8.08   9.26  9.79  8.10
30   11.21  0.00 10.95  11.95 11.13 10.53  11.74  9.38  8.05   9.27  9.56  8.08

31   11.34  0.00 10.81   0.00 11.28  0.00  11.82  9.28  0.00   8.86  0.00  8.13
-------------------------------------------------------------------------------
Mean 12.85 12.01 11.35  10.15 10.02 10.19   9.44 10.16  8.72   8.63  9.38  8.89
-------------------------------------------------------------------------------
                                                        2002 Yearly Mean =10.14
