2008                    CORONAL INDEX OF SOLAR ACTIVITY                    2008
Slovac Academy       Full Disk Emission (530.3nm           Units=10**16 W/sr
===============================================================================
Day    Jan   Feb   Mar    Apr   May   Jun    Jul   Aug   Sep    Oct   Nov   Dec
-------------------------------------------------------------------------------
 1    1.16  2.11  2.02   2.19  2.42  1.62   1.57  1.14  1.11   1.46  1.29  1.43
 2    1.14  2.18  1.97   1.98  2.18  1.64   1.62  0.70  1.23   1.47  1.34  1.47
 3    1.15  2.01  2.30   1.84  2.01  1.63   1.65  0.89  1.00   1.42  1.39  1.54
 4    1.28  2.08  2.18   1.83  1.86  1.56   1.68  0.98  0.99   1.42  1.40  1.45
 5    1.46  1.77  2.20   1.80  1.76  1.48   1.72  1.12  0.99   1.38  1.44  1.36

 6    1.37  1.63  2.01   1.77  1.60  1.53   1.73  1.21  0.99   1.38  1.41  1.33
 7    1.37  1.65  2.11   1.74  1.85  1.59   1.76  1.27  1.14   1.34  1.38  1.31
 8    1.78  1.43  1.70   1.70  1.54  1.64   1.72  1.32  1.36   1.40  1.34  1.30
 9    2.06  1.20  1.93   1.59  1.55  1.69   1.70  1.52  1.27   1.36  1.44  1.31
10    2.06  1.62  1.59   1.45  1.59  1.54   1.66  1.24  1.29   1.35  1.39  1.27

11    2.12  1.47  1.36   1.48  1.62  1.83   1.61  1.49  1.49   1.29  1.45  1.25
12    2.01  1.58  1.24   1.53  1.74  1.81   1.57  1.22  1.55   1.22  1.44  1.27
13    2.08  1.56  1.27   1.66  1.89  1.74   1.51  1.71  1.98   1.18  1.49  1.29
14    2.29  1.71  1.08   1.82  1.99  1.78   1.46  1.61  1.57   1.78  1.53  1.29
15    1.99  1.82  1.18   2.05  1.87  1.73   1.42  1.55  1.53   1.36  1.56  1.36

16    1.40  1.90  1.28   2.32  1.91  1.68   1.38  1.39  1.48   1.34  1.57  1.35
17    1.36  1.92  1.32   2.66  1.96  1.68   1.35  1.35  1.51   1.34  1.60  1.35
18    1.44  1.91  1.35   2.79  2.04  1.48   1.39  1.56  1.52   1.29  1.62  1.35
19    1.34  2.00  1.51   2.89  2.07  1.30   1.43  1.89  1.51   1.42  1.52  1.34
20    1.21  1.95  1.49   3.05  2.06  1.42   1.44  1.23  1.31   1.53  1.57  1.33

21    1.18  1.66  1.53   3.15  2.02  1.44   1.45  1.45  1.19   1.36  1.64  1.32
22    1.16  1.47  1.56   2.86  2.11  1.42   1.38  1.53  1.16   1.33  1.81  1.28
23    1.18  1.49  1.59   3.01  2.23  1.37   1.42  1.51  1.19   1.25  1.79  1.24
24    1.24  1.45  1.96   2.97  2.21  1.35   1.38  1.49  1.20   1.27  1.78  1.20
25    1.16  1.36  2.28   2.76  2.05  1.33   1.40  1.39  1.23   1.27  1.73  1.31

26    1.14  1.64  2.31   2.92  2.06  1.53   1.42  1.28  1.21   1.18  1.74  1.34
27    1.17  1.71  2.31   2.88  2.06  1.48   1.26  1.36  1.15   1.34  1.76  1.34
28    1.54  1.79  2.35   2.40  2.04  1.51   1.14  1.34  1.30   1.26  1.79  1.32
29    1.96  1.86  2.40   2.89  1.97  1.52   1.06  1.38  1.40   1.23  1.50  1.36
30    2.17        2.63   2.59  1.73  1.54   0.96  1.26  1.39   1.25  1.47  1.44

31    1.96        2.55         1.51         1.07  1.07         1.35        1.61
-------------------------------------------------------------------------------
Mean  1.55  1.72  1.82   2.29  1.92  1.56   1.46  1.34  1.31   1.35  1.54  1.35
-------------------------------------------------------------------------------
                                                        2008 Yearly Mean = 1.60
