1959                    CORONAL INDEX OF SOLAR ACTIVITY                    1959
Slovak Academy       Fill-Disk Fe Emission (530.3 nm)         Units=10**16 W/sr
===============================================================================
Day    Jan   Feb   Mar    Apr   May   Jun    Jul   Aug   Sep    Oct   Nov   Dec
-------------------------------------------------------------------------------
 1   18.93 18.66 15.86  17.49 19.25 17.02  15.24 13.70 19.74  20.97 17.10 17.91
 2   18.39 16.42 15.71  18.22 19.47 16.30  15.61 16.07 19.15  21.66 16.08 17.55
 3   18.18 17.59 16.20  18.38 19.93 15.70  16.04 16.16 19.41  21.61 15.37 17.78
 4   18.05 18.43 15.73  18.83 20.92 13.88  16.22 17.22 18.79  22.20 15.43 17.17
 5   17.81 15.38 15.77  18.81 17.94 13.94  17.08 18.12 18.77  19.34 15.49 16.37

 6   17.62 16.51 15.85  19.09 21.73 13.39  16.03 18.44 19.20  21.40 15.57 16.57
 7   17.02 17.51 15.90  19.46 20.47 13.29  16.16 19.61 18.53  20.27 15.43 16.71
 8   16.90 15.09 16.76  20.36 18.68 12.50  15.97 20.96 17.50  17.69 15.23 17.85
 9   16.33 14.53 17.39  20.20 17.93 12.63  16.43 17.27 17.50  18.31 15.70 17.73
10   16.94 15.55 17.76  19.74 17.76 12.62  17.07 18.39 17.50  16.86 16.32 16.84

11   18.15 14.06 18.22  18.93 17.02 13.03  16.38 17.15 17.52  17.46 15.82 16.24
12   17.51 14.62 18.57  18.28 18.74 13.91  16.32 15.89 17.71  17.72 15.25 17.11
13   18.03 14.18 17.84  18.52 18.01 15.53  16.66 16.68 16.70  16.36 15.30 16.38
14   18.61 13.68 17.68  18.72 17.46 15.64  16.19 16.74 16.30  16.07 15.44 17.25
15   17.26 13.71 16.97  17.36 16.50 15.95  16.66 14.11 16.58  16.82 15.44 17.53

16   18.31 14.23 16.88  16.07 17.66 15.71  16.10 14.08 17.16  17.58 15.33 16.56
17   19.33 13.51 16.27  16.85 17.54 15.25  16.66 14.15 17.59  16.76 15.85 16.34
18   17.91 13.65 16.43  17.14 18.63 15.78  16.50 14.00 17.64  15.16 15.72 16.70
19   17.09 14.66 15.97  17.47 18.47 15.76  16.23 14.93 17.31  15.89 16.44 16.86
20   17.31 15.07 16.90  17.33 18.66 15.52  16.00 16.10 17.65  15.98 17.19 17.69

21   16.83 16.31 15.82  17.17 17.56 14.79  16.09 14.41 19.15  16.85 17.14 17.49
22   16.60 15.81 16.55  18.64 18.51 14.39  16.22 15.55 20.66  16.60 16.59 17.22
23   16.46 15.81 16.37  20.06 18.79 14.26  17.28 15.92 19.37  15.17 17.68 17.06
24   15.95 16.10 17.59  19.33 18.60 14.41  15.39 16.23 19.69  14.56 17.65 16.59
25   16.55 18.84 16.65  18.49 19.62 14.52  14.66 17.57 19.46  15.60 19.16 16.54

26   17.24 17.61 16.77  18.01 19.78 14.41  13.70 17.40 19.91  17.19 18.64 16.34
27   16.57 17.81 16.39  18.37 19.10 14.32  13.28 16.62 20.28  17.18 18.10 15.63
28   17.25 15.87 16.80  19.34 18.66 13.89  13.14 18.75 21.39  17.21 17.71 15.23
29   18.20  0.00 16.82  18.51 17.79 15.08  12.83 19.05 20.83  16.88 18.35 15.55
30   17.55  0.00 16.61  19.10 17.11 15.22  12.87 19.00 22.14  16.58 17.82 14.37

31   18.75  0.00 16.78   0.00 17.59  0.00  13.14 19.40  0.00  17.07  0.00 14.33
-------------------------------------------------------------------------------
Mean 17.54 15.76 16.70  18.48 18.58 14.62  15.62 16.76 18.70  17.65 16.48 16.69
-------------------------------------------------------------------------------
                                                        1959 Yearly Mean =16.97
