1961                    CORONAL INDEX OF SOLAR ACTIVITY                    1961
Slovak Academy       Fill-Disk Fe Emission (530.3 nm)         Units=10**16 W/sr
===============================================================================
Day    Jan   Feb   Mar    Apr   May   Jun    Jul   Aug   Sep    Oct   Nov   Dec
-------------------------------------------------------------------------------
 1    8.43  8.21  7.21   6.56  5.90  6.09   5.89  4.97  5.88   5.46  5.41  5.01
 2    8.08  8.15  7.93   6.06  6.07  5.38   5.87  5.43  6.50   5.97  5.74  5.55
 3    8.54  8.23  7.86   6.05  6.23  5.25   5.92  5.05  7.15   6.26  5.73  5.68
 4    9.23  8.68  7.40   6.04  6.06  5.06   5.91  5.17  6.64   7.09  5.53  5.90
 5    8.86  8.42  6.88   6.90  6.36  5.14   6.26  6.53  8.22   7.33  5.46  5.62

 6    8.37  8.18  6.44   6.18  6.20  5.28   6.14  6.15  8.25   7.49  5.29  5.66
 7    8.30  7.95  6.18   6.19  5.97  5.41   6.38  7.96  8.56   7.26  5.00  5.68
 8    7.77  7.45  7.35   5.83  5.70  6.14   6.47  8.49  9.58   7.04  5.66  6.01
 9    7.36  6.54  5.72   5.95  5.36  5.93   6.35  8.45  9.99   6.99  6.09  5.13
10    7.39  7.39  5.56   5.68  5.24  6.14   6.39  9.64  9.01   7.17  5.72  4.91

11    7.00  7.03  5.74   5.16  5.15  6.57   6.75 10.07  9.44   6.54  5.67  4.12
12    6.36  6.40  6.25   4.53  4.94  6.44   6.81  9.38  8.30   6.62  5.43  4.33
13    6.19  6.13  6.46   4.67  5.40  7.14   6.69  9.79  7.64   6.60  5.71  3.90
14    6.16  5.96  6.70   4.80  5.36  6.67   6.69  9.22  7.76   6.25  5.25  4.01
15    5.79  6.15  6.69   5.73  5.25  6.50   6.47  9.31  6.99   6.49  5.21  3.75

16    6.19  6.90  7.43   5.61  5.30  7.09   6.99  9.49  6.59   6.46  5.21  3.84
17    6.19  6.44  7.12   5.85  5.33  6.86   6.43  9.16  6.62   5.85  4.67  3.77
18    6.33  5.84  7.84   6.11  5.77  7.39   6.65  8.63  6.30   5.44  4.46  4.08
19    5.90  6.03  7.68   6.41  7.06  8.37   6.21  8.43  5.94   5.00  4.58  3.84
20    5.95  7.06  7.70   6.76  6.96  7.83   6.43  8.09  5.91   4.32  4.57  4.28

21    6.09  7.77  7.21   6.96  6.90  7.94   6.52  8.52  4.82   4.95  5.10  4.52
22    6.15  7.57  6.99   6.88  6.66  8.27   6.24  7.97  4.75   4.78  5.26  4.72
23    6.46  7.00  6.73   7.11  6.69  8.04   5.53  7.60  5.17   4.89  5.45  4.91
24    6.73  7.18  7.31   6.91  6.98  8.17   6.03  6.95  5.19   4.91  4.87  5.31
25    6.76  7.50  7.29   6.79  7.11  7.94   5.66  5.96  5.05   5.01  5.20  5.09

26    6.86  8.23  7.58   6.69  6.82  7.29   5.79  5.77  4.83   4.94  5.73  5.34
27    6.89  8.74  7.11   6.47  6.30  6.89   5.66  6.74  4.73   5.82  5.42  5.36
28    6.69  7.80  7.01   6.17  5.97  6.68   5.24  6.03  4.94   5.26  5.32  5.23
29    7.77  0.00  7.38   6.69  5.77  6.19   4.78  6.02  6.02   5.84  5.75  4.84
30    7.97  0.00  7.07   5.79  6.02  6.39   4.90  6.28  5.82   5.88  4.98  4.88

31    8.08  0.00  6.66   0.00  6.18  0.00   4.49  5.83  0.00   5.91  0.00  4.90
-------------------------------------------------------------------------------
Mean  7.12  7.32  6.98   6.12  6.03  6.68   6.08  7.52  6.75   5.99  5.32  4.84
-------------------------------------------------------------------------------
                                                        1961 Yearly Mean = 6.39
