1989                    CORONAL INDEX OF SOLAR ACTIVITY                    1989
Slovak Academy       Fill-Disk Fe Emission (530.3 nm)         Units=10**16 W/sr
===============================================================================
Day    Jan   Feb   Mar    Apr   May   Jun    Jul   Aug   Sep    Oct   Nov   Dec
-------------------------------------------------------------------------------
 1   16.65 20.53 15.94  15.77 17.29 16.76  18.79 18.00 17.38  16.17 16.87 15.94
 2   18.48 19.36 15.99  16.02 16.91 16.43  18.30 17.46 17.01  17.49 16.74 15.66
 3   20.21 21.94 15.70  16.76 17.07 18.28  18.61 18.56 17.11  18.58 18.40 17.40
 4   21.47 24.06 16.28  17.57 17.36 17.46  17.93 18.82 17.60  19.08 17.81 15.84
 5   18.60 23.76 16.50  18.61 17.60 17.99  17.78 18.99 18.34  17.55 18.46 16.22

 6   18.87 22.99 16.12  19.27 18.04 18.38  18.96 19.11 19.04  17.93 18.28 16.83
 7   19.59 22.41 16.87  18.92 18.24 18.23  18.59 19.48 17.04  18.90 18.48 17.83
 8   20.14 21.53 16.64  18.88 17.84 18.47  18.00 20.05 17.28  18.87 19.23 17.60
 9   19.61 22.06 15.87  19.31 18.91 19.29  19.22 21.20 18.48  18.56 19.71 18.37
10   18.67 22.32 16.08  19.55 17.36 18.64  18.74 21.04 18.13  18.58 20.00 17.12

11   16.79 21.80 15.97  19.32 17.39 19.04  19.01 20.79 18.00  18.02 19.32 17.04
12   16.51 20.27 15.76  18.99 17.68 19.41  19.61 20.69 16.86  18.31 18.11 17.10
13   16.74 19.46 15.84  19.08 17.61 19.61  19.43 20.98 14.17  18.63 16.95 16.67
14   18.03 19.88 15.78  18.59 17.69 19.80  19.53 19.99 15.45  18.43 17.26 16.95
15   18.15 20.08 15.83  18.25 17.64 19.75  19.78 19.14 15.31  18.17 16.95 16.78

16   17.61 21.10 15.51  17.47 16.71 19.76  18.37 18.91 14.47  17.95 16.36 16.87
17   17.53 20.67 15.88  16.64 16.01 19.40  18.48 18.80 14.87  17.66 16.54 16.96
18   18.43 19.22 16.55  16.01 16.04 19.13  19.11 17.23 12.71  16.37 15.66 17.02
19   20.54 19.31 16.39  16.58 16.02 18.90  19.26 17.98 11.91  15.81 14.74 17.20
20   22.06 19.03 16.50  14.87 16.07 18.46  18.75 17.50 13.39  15.48 15.34 17.12

21   22.28 18.33 16.40  14.58 16.07 18.43  18.43 17.88 12.29  14.33 15.38 16.98
22   18.83 19.49 15.86  14.31 15.98 18.13  18.11 18.15 12.32  15.75 14.70 17.55
23   19.29 16.91 15.52  14.60 15.98 17.40  18.11 17.73 12.81  16.02 15.32 18.15
24   18.93 16.30 15.84  15.20 16.30 17.47  18.93 17.14 11.74  14.84 15.24 18.94
25   18.03 16.41 14.64  16.20 15.92 17.74  18.37 19.03 12.57  15.08 15.14 19.50

26   17.39 16.30 14.76  15.00 15.92 16.97  17.91 18.69 14.28  16.28 15.92 17.42
27   15.71 16.60 14.85  14.89 16.78 17.38  17.63 18.54 14.56  15.54 16.54 17.90
28   14.94 16.65 13.90  15.31 16.57 17.46  17.89 18.15 14.69  16.31 15.91 18.03
29   17.25  0.00 13.89  15.79 16.22 17.82  18.12 18.03 14.83  16.26 15.53 17.79
30   18.31  0.00 14.16  16.64 15.95 18.40  18.45 18.92 15.09  17.01 15.92 17.43

31   18.91  0.00 14.85   0.00 15.71  0.00  18.56 17.70  0.00  17.01  0.00 16.81
-------------------------------------------------------------------------------
Mean 18.53 19.96 15.70  16.97 16.87 18.35  18.61 18.86 15.32  17.13 16.89 17.26
-------------------------------------------------------------------------------
                                                        1989 Yearly Mean =17.52
