2001                    CORONAL INDEX OF SOLAR ACTIVITY                    2001
Slovak Academy       Fill-Disk Fe Emission (530.3 nm)         Units=10**16 W/sr
===============================================================================
Day    Jan   Feb   Mar    Apr   May   Jun    Jul   Aug   Sep    Oct   Nov   Dec
-------------------------------------------------------------------------------
 1    9.53 10.45 11.30   9.74  9.14 10.20   9.56  9.71  9.79  13.88 12.78 12.05
 2    9.49 10.63 11.90   9.97  8.91  9.93   9.46  9.66 10.36  12.30 13.19 13.57
 3    9.51 10.50 11.77  10.00  8.50  9.93  10.37  9.72 10.44  12.24 14.48 10.70
 4    8.75  9.99 11.44   9.88  8.46 10.05  10.62  9.77 10.73  12.46 14.07 12.23
 5    8.88  9.65 11.23   9.51  8.10  9.68  10.54  9.83 11.07  12.44 13.83 11.64

 6    9.64  9.42 11.12   9.11  7.83 10.45   9.76  9.90 10.46  11.72 13.79 11.54
 7   10.08  9.71 11.04   8.75  7.66 10.74   8.93 10.03 11.26  10.80 12.67 12.21
 8    9.57  9.82 10.42   8.94  7.66 11.18   8.14  9.93 11.30  10.06 12.66 12.89
 9    9.45  9.89  9.65   9.01  7.51 11.00  10.57  9.87 11.04  12.08 13.04 11.76
10    9.69  9.97  9.15   8.77  7.71 11.39  10.30  9.80 10.92  12.25 13.10 13.28

11    9.38 10.20  9.25   8.67  7.93 11.20   9.93  9.38 11.01  11.48 13.62 12.80
12    9.26 10.35  9.35   8.29  8.02 11.55   9.85  9.18 11.19  11.33 12.87 12.90
13    9.21 11.10  9.15   8.44  8.00 11.93   9.38  9.37 11.01  11.26 12.75 13.89
14    8.52 11.78  9.16   9.26  7.87 12.17   9.55  8.98 10.59  12.35 12.81 13.46
15    9.41 11.27  8.67   9.29  8.23 11.08   9.97  9.30 10.57  12.61 13.50 12.23

16   10.29 10.48  8.78   8.81  8.13 11.44   9.81  9.64 10.95  12.47 12.90 11.73
17    9.54 10.19  8.92   8.74  7.95 10.58   9.79  9.25 11.24  11.65 12.33 11.51
18    9.16  9.84  9.05   8.82  8.42 10.06   9.96 10.24 11.18  12.10 11.48 11.41
19    9.96  9.54  8.64   9.19  8.91 10.15  10.25 10.89 11.27  12.66 11.17 11.18
20   10.30  8.95  8.88   9.22  9.15  9.87  10.75 11.07 11.10  13.13 10.98 10.88

21   10.59  8.00  8.50   8.94 10.72  9.21  10.89 10.26 12.28  13.27 10.99 10.18
22   10.37  7.68  8.40   9.70 10.77  8.86  11.17 10.46 12.56  13.33 10.30 10.20
23   10.13  7.74  8.16   9.76  9.60  8.72  11.40 10.39 13.31  13.16 10.19 10.50
24   10.02  8.05  7.97   9.80 11.10  8.49  11.25 12.68 13.72  13.05 10.20 11.06
25    9.79  8.38  7.98   9.84 11.91  8.16  11.06 11.55 15.03  14.02 10.02 11.66

26    9.49  8.74  8.10   9.59 11.58  8.02  10.81 10.73 13.75  13.22 10.75 12.33
27    9.74  9.16  8.21   9.35 11.56  8.14  10.63 10.04 14.25  13.36 10.51 12.77
28    9.81 10.29  8.41   9.53 10.92  8.53  10.63 10.40 14.01  13.38 10.88 13.02
29    9.98  0.00  8.73   9.41 10.35  9.14  10.50 10.42 15.54  13.17 11.30 13.60
30    9.99  0.00  8.93   9.24 10.63  9.45  10.21 11.95 14.73  12.98 11.71 13.78

31    9.80  0.00  9.61   0.00 10.87  0.00   9.87  9.94  0.00  13.43  0.00 13.70
-------------------------------------------------------------------------------
Mean  9.66  9.71  9.42   9.25  9.16 10.04  10.19 10.14 11.89  12.50 12.16 12.15
-------------------------------------------------------------------------------
                                                        2001 Yearly Mean =10.53
