1981                    CORONAL INDEX OF SOLAR ACTIVITY                    1981
Lomnicky Peak Sta     Full-Disk Fe XIV Emission (530.3 nm)    Units=10**16 W/sr
===============================================================================
Day   Jan   Feb   Mar    Apr   May   Jun    Jul   Aug   Sep    Oct   Nov   Dec
-------------------------------------------------------------------------------
 1   15.45 15.52 10.03  16.13 14.13  8.92  10.25 10.70 18.47  18.47 18.32 21.23
 2   12.62 15.30  9.81  17.15 14.49  8.98  10.51 12.76 16.92  17.66 18.36 21.09
 3   11.91 15.34 11.06  16.27 13.55  9.03  11.49 11.23 16.86  17.72 18.59 21.23
 4   11.10 15.43 12.63  15.38 13.53  8.51  12.42 11.48 16.77  18.26 18.58 21.00
 5    9.53 15.42 12.77  15.06 13.91  8.22  13.29 11.60 18.65  18.07 17.87 20.23

 6    8.18 15.43 13.03  16.57 14.08  8.67  14.04  9.45 16.86  17.90 17.93 20.16
 7    7.53 16.54 12.70  15.14 14.34  8.66  13.93 10.63 17.41  18.38 17.53 20.83
 8    6.25 16.86 13.76  17.55 13.51  8.64  14.00 11.93 18.24  18.81 18.52 19.71
 9    7.73 17.11 15.03  16.23 12.84  8.40  14.24 12.01 18.63  19.09 18.09 20.37
10    7.87 17.46 16.09  16.63 13.08  8.58  14.08 12.61 19.46  19.92 17.83 21.06

11    8.60 17.64 14.28  17.53 13.12  8.74  14.01 12.44 19.36  19.62 18.13 19.48
12    9.45 17.51 16.98  15.98 12.66  9.12  14.10 12.98 18.26  19.21 19.33 20.34
13   10.41 18.31 14.86  14.92 12.13  9.57  13.26 14.15 19.15  18.78 18.93 21.20
14   11.61 18.47 15.39  16.28 11.38 10.20  13.94 15.44 19.35  18.67 18.76 18.68
15   13.00 18.28 15.49  15.00 11.17 10.56  14.59 15.49 17.81  18.39 18.41 19.36

16   12.73 18.79 15.73  14.31 11.28 12.49  14.95 15.04 19.01  18.48 17.93 18.41
17   13.23 18.23 13.98  14.29 10.95 13.04  15.18 15.39 18.09  17.96 20.52 16.56
18   13.26 17.36 13.72  13.39 10.93 13.70  15.31 16.14 17.69  16.96 19.69 16.35
19   13.35 15.80 11.93  13.36 10.90 14.44  15.29 16.16 18.89  15.65 18.59 16.74
20   13.49 15.00 12.09  13.12 11.22 14.34  15.32 16.18 19.01  17.32 17.86 15.16

21   14.11 13.35 12.38  12.50 11.73 14.24  15.58 16.34 16.59  17.75 18.17 15.52
22   13.38 14.39 12.78  12.00 12.27 14.33  14.71 16.11 17.35  17.76 18.46 15.43
23   13.42 12.94 11.96  11.95 12.21 13.22  14.18 16.22 17.21  16.79 19.78 15.27
24   12.23 11.60 11.45  11.79 12.62 12.03  13.45 16.78 18.98  17.07 19.05 15.11
25   13.44 10.94 11.84  11.76 12.55 11.57  12.73 16.53 19.84  17.01 18.61 15.49

26   13.95 10.76 12.81  12.41 12.35 10.94  12.36 16.68 19.59  18.00 18.96 15.74
27   15.00 10.53 13.83  13.11 11.82  9.84  12.79 16.94 18.39  16.93 20.09 16.65
28   14.89 10.78 14.80  13.11 11.43  9.65  12.18 17.77 18.83  17.43 21.71 17.46
29   14.89       14.77  13.46 10.84  9.78  11.95 17.78 18.75  18.35 22.23 18.04
30   14.02       14.55  13.87  9.77  9.94  11.76 18.53 18.96  18.46 21.05 18.54

31   16.01       15.63         9.21        10.65 18.08        18.36       19.19
-------------------------------------------------------------------------------
Mean 12.02 15.40 13.49  14.54 12.26 10.61  13.44 14.57 18.31  18.04 18.93 18.44
-------------------------------------------------------------------------------
                                                        1981 Yearly Mean =14.99
