1958                    CORONAL INDEX OF SOLAR ACTIVITY                    1958
Lomnicky Peak Sta     Full-Disk Fe XIV Emission (530.3 nm)    Units=10**16 W/sr
===============================================================================
Day   Jan   Feb   Mar    Apr   May   Jun    Jul   Aug   Sep    Oct   Nov   Dec
-------------------------------------------------------------------------------
 1   11.68  9.53  9.09   9.56  8.01 10.34  10.76  7.49 11.42  11.00 10.93 10.09
 2   12.11  9.53  8.83   9.48  8.76 10.21  10.61  8.12 10.11  11.01 11.40 10.88
 3   12.20  9.74  9.14   9.55  8.15 10.70  10.23  8.05 10.09  10.77 11.28 11.20
 4   11.99  9.77  9.73   9.54  8.12 10.53  11.21  7.94  9.49  10.44 11.27 11.88
 5   11.67 10.40  9.25   9.33  7.68 10.53  11.09  8.17 10.29  10.92 11.29 11.09

 6   11.45 11.09 10.02   9.45  7.12 10.42  10.45  8.74 10.28  10.86 11.62 10.25
 7   11.19 11.07 10.24   9.51  7.20  9.10   9.71  9.38 10.31  10.61 12.25  9.56
 8   11.37 10.95 10.29   9.06  7.30  8.76   8.89  9.80  9.70  11.01 12.68 11.34
 9   11.51 10.81 10.45   9.88  6.84  9.23   8.13  9.29 10.23  10.05 11.86 10.83
10   11.23 10.85 10.62   9.38  6.92  9.10   8.42  9.12 10.64   9.90 10.64 10.14

11   11.08 10.87 10.09   9.03  6.56  8.65   7.35  9.12 10.63   9.75  9.99  9.32
12   11.26 10.96 10.25   8.73  6.25  8.53   7.27  9.40 10.63   9.38  9.62  9.15
13   11.12 10.70 10.44   8.37  6.65  8.46   6.40  9.47 10.47   9.02  9.23  9.19
14   11.50 10.45 10.47   8.14  6.74  8.85   6.01  9.09 10.48   9.17  8.78 10.15
15   11.69 10.51 10.49   8.26  6.75  9.16   5.62  9.35 10.45   8.79  8.55  9.63

16   12.14 10.56  9.66   7.51  6.74  9.47   6.14  9.52 10.21   8.83  8.59  9.41
17   11.79 10.24  9.04   7.38  6.63  8.48   5.25  9.32  9.08   9.37  8.85  9.36
18   11.45  9.78  8.94   7.24  6.34  9.26   5.61  9.19  8.72   9.11  9.56 10.70
19   10.62  9.41  9.47   7.56  7.31 10.24   6.28  9.04  9.03   9.46 10.11 10.31
20   10.65  9.22  9.00   7.68  7.71 10.12   6.32  9.35  8.88  10.49 10.98 10.75

21   10.47  9.26  8.59   7.73  6.98  9.87   6.46 10.10  9.02  10.73 11.47  9.70
22   10.22  9.18  8.16   8.19  7.69  9.62   6.83 10.21  8.55  10.78 11.13 10.76
23    9.30  8.92  8.73   8.11  7.75  9.88   7.11  9.34  8.60  11.05 11.02 10.43
24    9.16  9.03  8.49   7.83  7.82 10.37   7.45  9.11  9.42  11.20 12.42 10.34
25    9.47  9.15  8.64   8.35  8.13 10.64   7.95 10.02  9.85  11.57 11.74  9.55

26    9.55  9.27  8.76   7.97  8.65 10.21   7.82 10.54 10.00  11.88 12.35  9.13
27    9.56  9.13  9.10   8.16  7.86  9.65   8.03 11.58 10.57  11.36 11.69  9.07
28    9.71  9.20  9.37   8.34  9.21  9.86   8.08 10.72  9.37  11.14 11.41  9.52
29    9.18       10.03   8.11  9.29 11.61   7.72  9.57 10.55  11.50 11.76  8.41
30    9.54        9.07   7.57  9.88 10.50   7.58 10.07 11.01  12.16 11.44  8.66

31    9.42        9.31         9.77         7.45 11.16        11.70        8.74
-------------------------------------------------------------------------------
Mean 10.82  9.99  9.48   8.50  7.64  9.74   7.88  9.40  9.94  10.48 10.86  9.99
-------------------------------------------------------------------------------
                                                       1958 Yearly Mean =  9.55
