1978                    CORONAL INDEX OF SOLAR ACTIVITY                    1978
Slovak Academy       Fill-Disk Fe Emission (530.3 nm)         Units=10**16 W/sr
===============================================================================
Day    Jan   Feb   Mar    Apr   May   Jun    Jul   Aug   Sep    Oct   Nov   Dec
-------------------------------------------------------------------------------
 1    4.61  6.46  6.68   6.43  6.33  8.23   7.00  7.24  8.16   9.41 12.21  8.74
 2    4.77  6.33  7.27   6.81  6.24  6.38   8.07  7.13  8.01   9.12 13.86  8.79
 3    4.90  6.30  7.60   6.79  6.43  6.47   9.07  7.13  8.09   9.39 12.75  8.87
 4    5.38  7.32  7.88   7.30  6.59  6.51   6.71  7.03  8.25   9.65 14.14  8.84
 5    5.72  7.82  7.24   6.71  6.48  6.46   6.69  6.63  8.50   9.36 13.32  8.75

 6    5.78  7.78  7.80   6.54  6.17  6.33   7.41  6.52  9.02   9.30 11.58  7.96
 7    5.83  7.97  8.20   6.72  6.10  6.15   7.17  6.57  9.37   9.69 12.19  8.21
 8    5.76  7.94  8.50   6.89  6.00  5.61   7.73  6.72  8.98   8.32 11.61  8.17
 9    6.39  8.03  7.88   7.27  5.95  5.77   7.48  6.86  9.40   9.33 10.31  7.71
10    6.51  8.80  7.78   7.67  6.20  5.81   6.74  6.80  9.59   9.16 10.69  7.64

11    5.96  7.93  7.39   7.22  6.39  5.63   6.58  7.02  9.82   9.53 10.00  7.51
12    5.63  7.30  7.76   6.84  6.68  5.87   7.09  7.23  9.87   8.18  9.17  7.40
13    5.59  6.98  8.35   6.94  6.75  6.11   7.11  7.50  8.84   9.46  9.23  7.60
14    5.02  6.41  8.84   6.69  6.29  6.34   7.36  7.83  9.56   7.97  9.65  7.72
15    5.55  6.04  8.73   6.60  6.42  6.46   7.16  7.78  9.29   9.84  9.65  7.92

16    4.81  5.97  8.82   6.57  6.51  6.86   6.62  7.45  8.86   8.62  9.93  8.79
17    3.61  5.98  8.39   6.14  6.66  7.21   7.44  7.97  7.92   7.99  8.38  8.39
18    3.82  5.95  7.85   6.02  6.55  7.14   7.49  7.60  7.66   8.08  8.40  8.59
19    4.15  5.68  8.14   6.66  6.16  7.13   7.39  7.29  7.11   8.85  8.11  8.69
20    4.44  5.35  8.02   6.61  6.37  7.01   7.60  7.23  7.27   8.73  8.40  8.43

21    4.88  5.43  7.30   7.05  6.70  6.87   7.31  6.70  7.09   9.01  8.67  8.29
22    5.25  5.53  6.77   7.18  6.50  6.72   7.86  7.19  7.63   8.31  8.35  7.95
23    5.59  5.82  6.61   7.04  6.72  6.54   7.84  6.58  7.43   8.81  7.96  7.52
24    6.07  6.00  6.47   6.98  6.46  6.10   7.61  6.83  7.70   9.66  8.01  7.50
25    6.39  5.95  6.58   6.94  6.74  5.91   7.94  6.30  7.93  10.41  7.47  8.08

26    6.61  6.02  6.24   6.75  7.57  6.07   8.38  6.90  7.95  10.31  7.71  7.09
27    6.79  6.02  6.23   6.77  7.11  7.45   7.82  6.87  8.81  10.58  8.27  7.27
28    6.80  6.29  6.23   6.71  6.97  7.02   8.64  6.94 10.80  10.24  8.51  7.23
29    6.76  0.00  6.76   6.57  6.87  6.98   7.63  6.73  9.20  11.40  8.68  7.17
30    6.80  0.00  6.55   6.47  7.29  7.05   7.43  6.86  9.47  12.07  8.57  7.40

31    6.59  0.00  6.98   0.00  7.83  0.00   7.46  6.89  0.00  11.73  0.00  7.90
-------------------------------------------------------------------------------
Mean  5.57  6.62  7.48   6.80  6.58  6.54   7.48  7.04  8.59   9.44  9.86  8.00
-------------------------------------------------------------------------------
                                                        1978 Yearly Mean = 7.50
