1970                    CORONAL INDEX OF SOLAR ACTIVITY                    1970
Lomnicky Peak Sta     Full-Disk Fe XIV Emission (530.3 nm)    Units=10**16 W/sr
===============================================================================
Day   Jan   Feb   Mar    Apr   May   Jun    Jul   Aug   Sep    Oct   Nov   Dec
-------------------------------------------------------------------------------
 1   10.15  8.55 11.15  16.81 13.83 15.48  14.33 13.45 16.55  17.03 14.11 14.12
 2   10.32  8.07 11.72  14.93 13.31 14.78  14.47 14.00 14.86  15.89 15.18 13.53
 3    9.33  9.01 12.41  13.64 13.67 14.04  14.40 12.47 14.36  14.93 14.83 13.34
 4    9.81  9.27 12.81  13.20 14.24 15.06  14.69 12.90 14.41  13.91 14.70 13.56
 5    8.24  8.46 12.55  12.58 14.82 16.13  14.54 11.72 13.79  14.77 14.40 15.03

 6    7.52  8.30 12.17  13.56 14.83 16.49  14.23 12.70 13.43  14.48 14.14 14.17
 7    9.12  8.21 11.67  14.53 14.17 15.57  13.68 12.00 15.26  14.25 14.20 16.17
 8    9.13  8.60 11.29  14.12 13.29 14.99  12.86 11.72 12.52  13.17 12.78 15.02
 9    9.24  9.36 11.00  12.82 13.93 14.55  12.92  9.18 14.39  14.87 12.67 14.15
10    9.78  9.15 10.86  13.51 14.32 14.56  12.41  9.90 15.22  13.92 13.17 14.34

11    9.48  9.27 10.85  12.96 14.74 13.90  11.21  9.37 14.58  15.13 12.09 15.69
12    9.76 11.54 10.60  12.80 14.74 12.83  11.48  9.77 14.27  14.25 11.47 12.94
13   11.09 11.79 10.29  14.01 14.28 12.64  11.83 10.07 14.47  13.90 11.80 14.35
14   10.14 12.65 10.69  15.30 14.52 11.74  11.25  9.69 16.27  13.82 10.61 13.50
15   10.98 12.84 11.39  14.14 14.85 11.09  11.78  9.52 16.03  14.32 11.35 12.15

16   12.53 12.51 12.54  15.81 15.21 11.40  12.13 10.39 16.19  13.59 11.74 14.51
17   11.61 14.85 14.46  12.99 15.74 11.51  12.11 12.33 14.61  14.79 11.64 12.82
18   11.83 15.09 13.93  12.73 15.62 11.84  12.63 13.64 14.48  13.95 11.78 12.44
19   12.31 13.60 14.68  12.98 14.35 12.57  13.02 14.51 15.24  13.60 12.41 11.92
20   12.09 12.42 14.95  12.93 14.88 11.47  13.49 14.82 18.93  12.83 12.49 11.35

21   12.09 11.30 14.71  12.32 15.56 11.74  14.62 15.43 15.79  12.46 11.86 11.24
22   12.56 11.71 15.67  13.17 15.70 11.70  14.93 16.12 16.65  12.24 10.85 11.00
23   10.86 11.89 16.86  11.06 15.09 12.08  14.88 16.90 15.31  12.07 12.20  8.60
24    9.44 10.23 14.19  11.26 14.11 12.09  15.82 16.66 16.63  11.21 12.98 10.34
25   10.02 10.01 16.26  11.29 14.73 12.01  16.63 16.05 17.42  11.37 13.97  9.10

26    9.17  9.76 16.55  11.60 15.75 11.97  15.82 15.85 18.14  11.50 13.48  9.29
27    9.10 10.06 15.33  11.66 15.88 12.69  15.90 15.65 17.48  12.54 12.77  8.77
28    9.02 10.76 15.95  11.93 15.14 12.84  15.01 15.42 17.77  13.27 12.52  8.52
29    8.40       15.84  11.90 14.44 13.73  14.19 15.23 16.68  13.61 13.69  8.58
30    8.06       13.47  12.74 15.77 14.09  13.83 15.05 17.84  13.79 13.84  9.29

31    8.62       14.12        16.16        13.48 14.75        13.88        8.89
-------------------------------------------------------------------------------
Mean 10.06 11.58 13.26  13.65 14.76 13.79  13.66 13.13 16.14  13.72 13.32 12.22
-------------------------------------------------------------------------------
                                                        1970 Yearly Mean =13.05
