2005                    CORONAL INDEX OF SOLAR ACTIVITY                    2005
Slovac Academy          Full Disk Emission (530.3nm)          Units=10**16 W/sr
===============================================================================
Day    Jan   Feb   Mar    Apr   May   Jun    Jul   Aug   Sep    Oct   Nov   Dec
-------------------------------------------------------------------------------
 1    4.87  3.86  4.04   5.04  4.43  5.36   4.91  6.44  4.14   4.07  2.69  4.11
 2    4.76  3.84  4.12   5.13  4.50  5.05   5.20  6.56  3.75   3.99  2.30  4.47
 3    4.57  3.77  4.88   6.12  4.62  5.30   5.38  6.49  2.98   3.85  2.33  4.73
 4    4.29  4.06  4.33   6.13  4.32  5.18   5.37  6.13  2.81   4.01  2.63  4.88
 5    4.20  4.28  4.86   7.54  4.17  4.90   5.43  6.19  2.79   4.27  2.79  3.83

 6    4.19  5.08  4.91   7.40  4.37  4.73   5.31  6.07  2.91   3.94  2.85  3.88
 7    4.24  5.51  4.95   7.47  4.37  4.42   5.10  5.38  3.05   4.26  2.74  3.95
 8    4.36  5.68  5.24   7.38  4.65  4.11   4.72  4.64  3.01   4.26  2.94  4.07
 9    4.59  5.35  5.51   7.33  4.90  4.27   4.51  4.31  3.11   4.34  2.99  4.12
10    4.90  6.27  5.21   6.94  4.47  4.42   4.36  3.96  3.28   4.49  3.93  4.13

11    5.14  6.28  5.53   6.69  4.63  4.08   4.27  4.61  3.66   4.76  4.02  3.79
12    5.15  6.42  5.71   6.27  4.49  4.09   4.25  4.67  4.06   4.79  4.08  3.60
13    5.16  6.30  5.80   5.83  3.99  3.83   4.28  3.87  4.47   5.11  4.10  3.40
14    5.62  6.24  5.84   5.56  4.11  3.70   4.49  3.29  4.98   5.21  4.10  3.35
15    6.15  6.25  5.73   5.30  3.82  4.29   4.52  3.90  5.24   5.26  3.54  3.30

16    6.41  6.21  5.85   5.11  3.81  4.37   4.46  4.15  5.87   5.20  3.92  3.18
17    6.58  5.49  6.26   5.01  3.40  4.39   4.27  4.50  5.91   5.04  3.76  3.09
18    6.61  5.26  6.19   5.00  3.14  4.65   3.95  4.77  5.82   4.82  3.52  3.06
19    6.34  5.02  5.91   4.82  3.06  3.97   4.09  4.79  5.57   4.51  3.32  3.08
20    6.34  4.86  5.73   4.59  3.78  4.19   4.05  5.04  6.00   4.38  3.11  3.14

21    5.85  4.65  5.60   4.43  3.73  3.99   4.05  5.61  5.53   4.21  2.88  3.21
22    5.55  4.51  5.43   4.33  4.60  4.24   3.90  5.81  5.20   4.02  2.94  3.16
23    5.59  4.30  4.68   4.19  4.16  4.27   4.06  5.76  4.79   3.92  2.85  3.19
24    5.63  4.15  4.27   4.23  4.21  4.48   4.46  5.97  4.83   3.64  2.77  3.26
25    5.43  4.34  3.73   4.28  4.35  3.93   4.58  5.73  4.91   3.27  2.82  3.30

26    5.06  4.09  3.68   4.57  4.60  4.46   4.75  5.60  5.13   3.13  3.04  3.35
27    4.62  4.14  3.51   4.84  4.46  4.84   4.91  5.54  4.71   2.72  3.45  3.48
28    4.84  4.11  3.36   4.61  4.87  5.11   5.01  5.30  4.28   2.66  4.05  3.50
29    5.00  0.00  3.40   4.08  5.04  5.09   5.14  5.11  4.07   2.73  3.95  3.74
30    4.50  0.00  4.77   4.36  4.91  5.21   5.68  5.04  4.12   2.78  3.97  4.14

31    3.76  0.00  4.47   0.00  5.42  0.00   6.07  4.70  0.00   3.03  0.00  4.51
-------------------------------------------------------------------------------
Mean  5.17  5.01  4.95   5.49  4.30  4.50   4.69  5.16  4.37   4.09  3.28  3.68
-------------------------------------------------------------------------------
                                                        2005 Yearly Mean = 4.55
