1994                    CORONAL INDEX OF SOLAR ACTIVITY                    1994
Slovak Academy       Fill-Disk Fe Emission (530.3 nm)         Units=10**16 W/sr
===============================================================================
Day    Jan   Feb   Mar    Apr   May   Jun    Jul   Aug   Sep    Oct   Nov   Dec
-------------------------------------------------------------------------------
 1    6.70  7.44  7.13   5.42  4.35  3.93   3.84  3.72  3.55   2.16  3.82  2.91
 2    6.82  7.12  7.20   5.11  4.05  3.58   3.53  3.71  3.94   2.20  3.24  3.24
 3    7.26  6.58  7.18   5.11  3.94  3.49   3.69  3.87  3.96   2.16  3.45  3.78
 4    7.13  6.29  6.94   4.83  4.21  3.74   5.09  3.98  4.25   2.29  3.80  3.54
 5    7.38  5.99  6.70   3.76  3.95  3.93   4.19  3.93  4.48   2.39  3.74  3.31

 6    7.32  6.15  6.18   4.42  3.50  4.33   4.09  3.94  3.90   2.65  3.66  3.17
 7    7.12  5.27  6.01   4.37  3.56  4.91   4.14  3.83  4.30   2.66  4.34  3.94
 8    7.35  4.57  5.75   4.25  3.56  4.50   3.97  3.74  4.25   3.09  3.64  3.84
 9    7.50  4.04  5.70   4.26  3.87  4.57   4.48  4.10  3.85   2.82  3.60  3.62
10    6.51  4.95  4.90   4.33  4.14  5.36   4.34  4.08  3.81   3.35  3.38  3.46

11    6.54  5.28  5.22   4.42  3.76  5.54   3.96  3.78  4.07   3.13  3.23  3.36
12    5.98  5.15  5.28   4.33  3.64  5.75   3.65  3.53  3.59   3.38  3.21  3.38
13    5.61  5.24  5.62   4.77  3.80  5.25   3.71  3.38  3.09   3.09  3.40  3.42
14    5.53  5.17  5.29   5.10  3.84  5.38   3.70  3.37  2.74   3.12  3.16  3.44
15    5.85  5.19  5.64   5.87  4.40  5.03   4.01  3.05  2.77   3.36  3.07  3.42

16    5.72  5.95  5.41   6.05  4.45  5.03   3.95  2.88  2.78   3.38  3.07  3.34
17    5.66  5.64  5.73   6.24  3.60  4.76   3.91  3.04  2.74   3.45  3.13  3.25
18    5.80  5.73  5.73   6.45  3.79  4.52   3.58  3.18  2.70   3.93  3.12  3.17
19    5.75  6.42  5.83   6.79  4.04  4.08   3.35  3.31  2.50   3.69  3.07  3.00
20    5.71  6.86  5.90   6.60  4.00  3.82   3.31  3.43  2.76   3.79  2.89  2.88

21    5.84  7.26  6.15   6.44  4.18  3.42   3.36  3.21  2.85   3.68  2.81  2.71
22    5.32  7.46  5.98   5.96  3.94  3.22   3.75  3.13  2.90   3.47  2.69  2.66
23    6.34  7.59  5.76   5.53  3.79  3.28   3.79  3.54  2.81   3.62  2.66  2.78
24    7.72  7.82  5.61   5.68  3.98  2.98   3.37  3.62  3.16   3.94  2.64  2.89
25    7.58  7.60  5.38   5.33  4.20  2.90   3.37  3.54  2.94   3.79  2.67  2.93

26    7.72  7.75  5.28   5.00  3.98  3.01   3.33  3.48  2.75   3.79  2.74  3.08
27    7.88  7.24  5.09   5.19  3.77  3.07   3.52  3.39  2.61   3.33  3.09  3.25
28    8.14  6.87  5.10   5.18  3.41  3.36   4.03  3.43  2.56   3.40  3.15  3.46
29    8.36  0.00  5.34   4.99  3.68  3.59   4.22  3.67  2.35   3.63  3.00  3.61
30    8.13  0.00  5.31   4.66  3.92  3.32   3.70  3.81  2.43   3.86  2.91  3.57

31    7.75  0.00  5.43   0.00  3.86  0.00   3.78  3.31  0.00   3.68  0.00  3.58
-------------------------------------------------------------------------------
Mean  6.77  6.24  5.80   5.21  3.91  4.12   3.83  3.55  3.25   3.23  3.21  3.29
-------------------------------------------------------------------------------
                                                        1994 Yearly Mean = 4.36
