1969                    CORONAL INDEX OF SOLAR ACTIVITY                    1969
Lomnicky Peak Sta     Full-Disk Fe XIV Emission (530.3 nm)    Units=10**16 W/sr
===============================================================================
Day   Jan   Feb   Mar    Apr   May   Jun    Jul   Aug   Sep    Oct   Nov   Dec
-------------------------------------------------------------------------------
 1    9.69  9.61 13.43   9.46  8.79 11.38  12.09 13.09 15.87  11.01 10.98 10.20
 2    8.70 11.36 13.07   9.85  9.34 10.90  11.70 14.37 16.06  11.64 10.63 10.11
 3    9.46  7.15 12.13  10.89  9.56 10.57  11.96 15.51 15.78  11.76 10.55 10.17
 4   12.14  7.81 12.36  10.89  8.64 11.33  11.88 16.11 16.10  11.94  9.78  9.56
 5   12.24  8.71 11.77  12.26  8.29 11.61  11.92 15.67 16.02  11.96  9.09  9.02

 6   11.05  9.83 11.67  11.60  8.31 11.86  12.18 16.19 14.39  11.76  9.29  8.47
 7   12.04  8.91 11.83  13.01  8.73 12.27  14.00 16.51 14.33  12.07  9.70  7.81
 8   11.64  8.17 10.64  12.49  9.18 12.66  11.65 15.56 14.23  12.37  8.98  8.11
 9   11.84  7.81 11.15  14.47  8.91 14.05  11.95 15.62 13.02  12.52  8.45  7.85
10   11.76  9.11 11.82  13.22  8.50 16.03  12.21 15.14 12.23  11.44  8.54  7.64

11   13.44  9.96 11.41  12.88  8.84 14.73  12.24 14.24 10.60  10.86  9.12  7.96
12   13.92 10.81 11.95  13.81  9.89 15.10  12.01 13.69  9.97  10.75  9.71  8.58
13   15.26  9.62 12.80  13.63 11.06 15.73  11.50 12.39 10.08  11.07 10.31  8.67
14   16.51  8.62 11.88  13.45 12.79 17.21   9.85 10.70 10.17  10.87 10.02  8.87
15   15.52 10.17 13.31  13.53 13.10 19.56   9.83 11.32  9.97  10.63 10.15  8.82

16   15.22 10.29 15.41  12.62 13.31 17.67   9.41 10.51 10.10  10.63 10.86  8.59
17   18.22 10.49 13.91  12.01 14.16 15.46   8.74  9.60 10.53  11.36 11.21  8.12
18   16.63 10.98 14.52  11.75 14.08 15.09   8.61  9.28 11.38  12.24 10.65  8.17
19   15.28 10.99 13.93  11.36 13.99 14.86   8.63  8.98 13.14  12.21 10.20  8.33
20   14.88 11.17 13.37  11.91 14.30 15.00   9.03  9.03 14.14  12.44 10.76  9.06

21   11.10 12.32 13.29  11.21 13.17 15.16   9.58  9.53 13.78  11.60  9.80  8.98
22   10.64 12.94 13.78  10.93 12.94 13.63   9.78  9.56 13.31  11.77 11.23  9.19
23   10.57 13.31 12.60  10.92 12.28 13.48   9.64  9.91 13.82  11.99 11.76  9.54
24   10.80 13.72 12.97  10.70 10.58 13.31  10.08 10.86 12.55  12.16 11.53  9.95
25   10.09 13.45 11.88  11.10 11.15 12.82   9.41 12.04 12.51  12.28 11.91 10.28

26   10.31 14.06 11.68  10.72 11.74 12.15   9.09 12.29 12.19  12.52 12.15 10.50
27   11.10 13.59 11.93  10.16 11.59 11.40   9.78 12.81 11.89  12.51 11.69  9.70
28    7.38 13.69 11.57   9.92 11.22 11.12  11.76 13.31 11.83  12.39 12.23  9.63
29    6.82       10.88   9.54 10.08 11.11  11.67 14.36 12.11  12.14 11.98 10.28
30    9.44       10.91   8.94  9.70 11.42  11.89 15.43 11.53  11.58 11.07 10.24

31    9.12        9.08         9.87        12.40 15.69        11.69        9.80
-------------------------------------------------------------------------------
Mean 12.03 10.67 12.35  11.94 10.91 13.95  10.85 12.88 13.28  11.75 10.87  9.10
-------------------------------------------------------------------------------
                                                        1969 Yearly Mean =11.59
