1984                    CORONAL INDEX OF SOLAR ACTIVITY                    1984
Slovak Academy       Fill-Disk Fe Emission (530.3 nm)         Units=10**16 W/sr
===============================================================================
Day    Jan   Feb   Mar    Apr   May   Jun    Jul   Aug   Sep    Oct   Nov   Dec
-------------------------------------------------------------------------------
 1    8.89  8.11  9.46   8.88  7.24  8.76   7.00  8.08  7.92   6.02  4.72  4.78
 2    9.07  8.27  9.80   9.14  7.29  8.58   6.73  8.37  7.49   6.31  5.04  4.35
 3    9.14  8.53  9.21   8.26  7.26  8.55   8.05  8.78  7.98   6.63  5.28  4.59
 4    9.13  8.86  8.30   8.25  7.33  8.59   8.58  9.70  7.20   5.93  4.89  4.09
 5    8.96  8.07  8.07   8.03  7.63  8.70   8.54  8.69  7.53   6.44  4.37  3.51

 6    9.45  7.80  7.95   7.95  7.49  8.89   8.91  8.44  7.46   6.42  4.15  3.55
 7    9.98  7.54  7.95   8.06  7.50  8.73   8.88  8.73  7.10   6.51  3.91  3.49
 8    9.54  7.63  7.78   8.07  7.46  8.00   8.71  9.01  6.41   5.85  4.06  3.49
 9    9.14  7.85  7.49   7.68  7.16  8.10   9.32  9.43  6.37   5.55  4.19  4.64
10    8.78  7.73  7.45   8.05  6.94  8.21   9.61  9.12  5.73   5.21  4.18  4.05

11    8.19  7.57  7.67   7.93  6.98  8.42   9.02  8.45  5.71   5.06  4.42  4.15
12    9.53  7.88  7.57   8.25  6.88  8.61   9.26  8.08  5.42   4.22  4.52  4.47
13    7.98  7.86  7.63   9.10  7.14  8.99   8.87  8.06  5.08   4.27  4.99  4.60
14    7.72  7.89  7.78   8.26  7.85  9.22   8.46  7.45  4.89   4.19  5.04  4.70
15    7.77  7.79  8.00   8.79  8.03  9.16   8.04  7.59  4.81   4.23  5.30  5.00

16    7.48  7.71  8.21   8.92  8.34  9.19   7.91  6.75  4.70   4.20  5.34  4.79
17    7.16  7.71  8.95   8.61  8.68  9.07   7.27  6.35  4.77   4.12  5.19  4.71
18    7.53  8.60  8.43   8.77  9.06  8.76   6.93  5.76  4.80   4.24  5.24  4.94
19    7.25  8.27  8.96   8.97  9.46  8.56   6.68  5.54  5.44   4.31  5.39  4.95
20    6.91  8.38  8.70   8.66  9.70  8.03   6.58  5.61  5.90   4.34  5.33  4.94

21    7.64  8.39  8.63   9.31  9.25  7.23   6.52  5.86  5.78   4.44  5.21  4.79
22    7.27  8.76  8.47   8.72  9.55  6.75   6.41  5.97  6.16   4.61  5.25  4.47
23    6.89  8.75  8.71   8.70  9.99  6.92   6.59  6.06  6.24   4.94  5.20  4.33
24    8.46  9.24  8.19   8.62  9.85  6.66   6.79  6.13  6.25   5.14  5.09  4.27
25    8.26  9.37  8.85   8.50  9.61  6.99   6.91  5.62  6.42   4.94  5.07  4.25

26    8.05  9.75  9.28   8.17  9.23  6.78   7.12  6.27  6.66   4.90  4.85  4.21
27    8.16  9.49  9.37   7.80  9.20  6.65   6.63  6.23  6.38   4.83  4.73  4.06
28    8.25  9.43  9.08   7.13  9.26  6.64   6.57  6.89  6.09   4.93  4.83  3.90
29    8.53  9.11  9.17   7.43  9.10  6.79   7.29  6.69  5.79   5.61  5.09  3.66
30    9.08  0.00  9.29   7.24  8.49  6.75   8.14  6.83  5.50   5.11  4.96  3.47

31    8.45  0.00  9.31   0.00  8.62  0.00   7.62  7.18  0.00   4.95  0.00  3.31
-------------------------------------------------------------------------------
Mean  8.34  8.33  8.51   8.34  8.31  8.04   7.74  7.35  6.13   5.11  4.86  4.27
-------------------------------------------------------------------------------
                                                        1984 Yearly Mean = 7.10
