1966                    CORONAL INDEX OF SOLAR ACTIVITY                    1966
Lomnicky Peak Sta     Full-Disk Fe XIV Emission (530.3 nm)    Units=10**16 W/sr
===============================================================================
Day   Jan   Feb   Mar    Apr   May   Jun    Jul   Aug   Sep    Oct   Nov   Dec
-------------------------------------------------------------------------------
 1    1.93  2.28  3.00   2.79  5.66  6.10   5.55  6.95  6.77   4.41  5.29  7.33
 2    2.10  2.48  2.82   2.99  5.78  6.65   5.01  6.60  6.08   4.72  5.37  8.20
 3    2.31  2.03  2.47   2.88  5.73  6.90   5.90  7.90  6.18   5.42  5.26  8.95
 4    2.52  2.03  2.26   3.69  6.41  6.88   5.74  7.23  6.85   4.18  4.77  9.97
 5    2.53  2.00  2.29   3.29  6.75  6.48   6.00  6.91  5.79   5.00  7.51  9.14

 6    2.47  2.30  2.37   3.87  6.31  5.70   6.08  7.74  5.83   4.96  6.48  8.88
 7    2.68  2.70  2.40   3.64  5.78  5.78   6.55  7.31  6.13   4.77  6.30  9.36
 8    2.55  3.01  2.69   3.77  6.04  6.58   6.63  7.04  5.49   4.91  7.49  8.78
 9    2.53  3.00  2.87   3.72  6.88  6.10   6.71  6.79  5.04   5.38  7.50  8.14
10    2.23  3.45  3.04   3.69  6.42  5.89   6.52  5.90  5.27   5.00  7.18  8.11

11    2.33  3.67  3.15   3.77  6.14  6.40   6.71  6.10  5.15   6.09  7.81  8.10
12    2.70  3.96  3.54   3.40  5.86  5.65   6.68  5.47  5.61   6.40  7.05  8.31
13    3.21  3.75  3.10   3.14  5.90  5.65   7.67  4.99  6.37   6.10  5.92  7.84
14    3.30  3.72  3.53   3.55  5.98  5.92   7.16  4.70  6.23   6.41  6.67  8.30
15    3.48  3.70  3.76   3.59  5.97  5.80   6.40  4.78  6.64   6.80  6.44  8.54

16    3.43  3.51  3.80   3.48  5.41  5.78   6.48  5.48  7.09   6.84  6.09  8.40
17    3.51  2.79  3.98   4.03  5.36  5.43   6.49  6.53  7.58   7.34  5.92  8.74
18    3.35  3.44  3.86   4.62  5.26  5.26   6.57  6.29  7.98   7.90  5.61  8.59
19    3.14  3.76  3.79   4.83  5.65  5.48   6.78  7.22  8.76   8.34  5.15  7.07
20    3.05  3.61  4.09   5.82  6.04  5.54   6.17  7.08  7.96   8.06  5.55  8.38

21    3.02  3.49  3.87   5.68  5.77  5.60   5.36  7.85  8.43   8.10  5.44  7.80
22    3.23  3.77  3.91   6.19  5.50  5.47   5.93  8.14  7.15   7.54  6.72  7.11
23    3.20  3.60  3.52   7.58  5.79  5.44   5.61  8.40  8.04   7.66  5.94  9.18
24    3.12  4.25  3.44   8.19  5.78  5.71   5.54  8.47  7.39   9.13  6.42  8.76
25    3.23  3.85  3.46   7.20  5.83  5.59   5.63  8.00  6.52   6.68  6.66  8.17

26    3.47  3.15  3.52   6.71  5.08  5.13   6.10  8.28  6.02   5.88  7.00  7.46
27    3.25  3.19  3.48   5.97  4.88  5.11   4.79  7.47  5.86   5.83  7.37  7.14
28    3.25  3.59  3.79   6.91  4.93  4.93   6.11  7.03  4.22   5.98  9.78  7.53
29    2.60        3.18   6.68  5.76  5.46   6.52  7.58  5.08   5.97  6.51  8.37
30    2.13        3.03   6.06  6.60  5.38   6.06  7.33  4.72   7.15  6.73  8.73

31    2.14        2.79         5.33         6.80  6.40         6.28        9.42
-------------------------------------------------------------------------------
Mean  2.84  3.46  3.25   4.82  5.82  5.97   6.20  6.90  6.62   6.30  6.68  8.35
-------------------------------------------------------------------------------
                                                        1966 Yearly Mean = 5.54
