1940                    CORONAL INDEX OF SOLAR ACTIVITY                    1940
Lomnicky Peak Sta     Full-Disk Fe XIV Emission (530.3 nm)    Units=10**16 W/sr
===============================================================================
Day   Jan   Feb   Mar    Apr   May   Jun    Jul   Aug   Sep    Oct   Nov   Dec
-------------------------------------------------------------------------------
 1   14.78 10.30 11.03  10.27 10.23 10.47  10.55  9.77  9.25   9.80 10.75 10.64
 2   14.63 10.08 11.25  10.25 10.24 10.47  10.44  9.76  9.24  10.11 10.75 10.63
 3   14.44  9.62 11.46  10.23 10.24 10.47  10.31  9.74  9.22  10.57 10.74 10.63
 4   14.20  9.28 11.52  10.22 10.24 10.48  10.13  9.72  9.20  11.04 10.74 10.63
 5   13.93  9.05 11.46  10.20 10.25 10.49   9.98  9.70  9.19  11.42 10.73 10.62

 6   13.61  9.72 11.29  10.18 10.26 10.50   9.93  9.69  9.17  11.60 10.73 10.62
 7   13.27  9.83 11.12  10.17 10.26 10.50   9.78  9.67  9.15  11.88 10.73 10.61
 8   12.86  9.93 10.94  10.14 10.27 10.51   9.63  9.65  9.13  11.92 10.73 10.61
 9   12.46 10.00 10.74  10.13 10.28 10.52   9.47  9.63  9.12  11.79 10.73 10.61
10   12.05 10.12 10.47  10.12 10.29 10.52   9.29  9.62  9.10  11.45 10.72 10.61

11   11.65 10.30 10.28  10.11 10.30 10.53   9.54  9.60  9.08  11.19 10.72 10.60
12   11.25 10.63 10.20  10.11 10.31 10.54   9.64  9.58  9.06  11.00 10.72 10.60
13   10.85 10.80 10.26  10.10 10.31 10.54   9.64  9.56  9.04  11.01 10.72 10.60
14   10.44 10.98 10.31  10.11 10.33 10.55   9.67  9.54  9.03  10.80 10.71 10.59
15   10.04 11.18 10.36  10.11 10.33 10.56   9.73  9.53  9.01  10.79 10.71 10.59

16    9.69 11.12 10.40  10.11 10.35 10.56   9.82  9.51  9.00  10.81 10.70 10.59
17    9.50 11.13 10.43  10.12 10.35 10.57  10.02  9.49  8.98  10.90 10.70 10.58
18    9.27 11.13 10.44  10.13 10.36 10.58  10.00  9.48  8.97  10.92 10.70 10.58
19    9.02 11.12 10.42  10.14 10.36 10.59   9.99  9.46  8.95  10.90 10.69 10.57
20    8.86 11.10 10.42  10.15 10.37 10.59   9.97  9.45  8.94  10.80 10.69 10.57

21    8.68 11.04 10.40  10.15 10.37 10.60   9.95  9.43  8.92  10.81 10.68 10.56
22    8.73 10.51 10.38  10.16 10.38 10.61   9.93  9.42  8.98  10.80 10.68 10.55
23    8.93 10.50 10.37  10.17 10.39 10.62   9.92  9.41  9.09  10.80 10.67 10.48
24    9.04 10.49 10.36  10.17 10.40 10.63   9.90  9.39  9.25  10.80 10.67 10.45
25    9.28 10.50 10.35  10.18 10.40 10.64   9.89  9.38  9.37  10.79 10.67 10.40

26    9.90 10.52 10.34  10.19 10.42 10.65   9.87  9.35  9.47  10.78 10.66 10.36
27   10.25 10.56 10.32  10.20 10.42 10.66   9.86  9.34  9.55  10.78 10.66 10.27
28   10.44 10.58 10.31  10.21 10.43 10.66   9.84  9.32  9.65  10.77 10.65 10.15
29   10.43 10.82 10.30  10.21 10.44 10.67   9.83  9.31  9.70  10.77 10.65  9.95
30   10.22       10.30  10.22 10.44 10.62   9.81  9.29  9.64  10.76 10.64  9.79

31   10.31       10.28        10.46         9.79  9.28        10.76        9.58
-------------------------------------------------------------------------------
Mean 11.06 10.45 10.60  10.17 10.34 10.56   9.87  9.52  9.18  10.95 10.70 10.47
-------------------------------------------------------------------------------
                                                       1940 Yearly Mean = 10.32
