2007                    CORONAL INDEX OF SOLAR ACTIVITY                    2007
Slovac Academy       Full Disk Emission (530.3nm           Units=10**16 W/sr
===============================================================================
Day    Jan   Feb   Mar    Apr   May   Jun    Jul   Aug   Sep    Oct   Nov   Dec
-------------------------------------------------------------------------------
 1    2.92  2.46  2.53   1.95  2.04  2.74   3.19  2.28  1.82   2.26  1.63  1.46
 2    2.81  2.38  2.46   2.23  1.74  2.77   3.26  2.32  1.84   1.93  1.61  1.49
 3    2.72  2.32  2.42   2.10  2.11  2.77   3.17  2.32  1.98   1.77  1.52  1.44
 4    2.77  2.60  2.34   1.98  1.76  2.75   2.99  2.29  1.79   1.91  1.62  1.55
 5    2.59  2.68  2.68   1.98  2.00  2.87   2.83  2.22  1.69   1.95  1.67  1.66

 6    2.51  2.72  2.78   2.14  2.05  2.52   2.63  2.19  1.73   1.93  1.67  1.83
 7    2.48  2.83  2.71   2.15  1.95  2.73   2.43  1.99  1.77   1.89  1.64  1.80
 8    2.46  2.65  2.63   2.36  1.95  2.83   2.20  1.80  1.77   1.58  1.70  1.76
 9    2.43  2.60  2.58   2.28  2.06  2.85   2.01  1.60  1.77   1.55  1.73  1.70
10    2.42  2.79  2.57   2.18  2.04  2.82   1.82  1.47  1.63   1.65  1.88  1.81

11    2.35  2.49  3.04   2.07  2.23  2.83   1.69  1.49  1.53   1.57  1.88  1.83
12    2.35  2.39  2.64   2.05  2.34  2.62   1.56  1.53  1.67   1.70  1.79  1.87
13    2.41  2.43  2.34   1.93  2.29  2.73   1.52  1.55  1.87   1.69  1.64  1.96
14    2.44  2.35  2.29   2.02  2.59  2.72   1.50  1.57  1.90   1.64  1.77  1.87
15    2.49  2.39  2.37   1.74  2.51  2.59   1.59  1.64  1.84   1.65  1.87  1.82

16    2.58  2.40  2.77   1.98  2.64  2.38   1.61  1.39  1.74   1.64  1.72  1.82
17    2.42  2.60  2.72   1.95  2.78  2.34   1.62  1.68  1.64   1.63  1.58  1.84
18    2.41  2.73  2.76   2.05  2.37  2.25   1.60  1.85  1.85   1.69  1.53  1.81
19    2.45  2.51  2.81   2.19  2.64  2.29   1.61  1.91  1.91   1.61  1.45  1.75
20    2.90  2.43  2.70   2.36  2.91  1.97   1.66  1.92  1.70   1.59  1.55  1.47

21    3.07  2.41  3.01   2.29  2.54  2.13   1.71  2.00  1.56   1.59  1.54  1.22
22    3.14  2.38  2.97   2.34  2.65  2.03   1.59  2.08  1.52   1.61  1.38  1.19
23    3.03  2.57  2.73   2.48  2.61  1.87   1.50  2.12  1.51   1.62  1.25  1.19
24    3.07  2.66  2.73   2.61  2.56  1.68   1.42  2.32  1.47   1.62  1.26  1.30
25    3.03  2.64  2.69   2.60  2.65  1.98   1.51  2.11  1.84   1.64  1.24  1.32

26    3.41  2.67  2.42   2.40  2.66  2.26   1.57  2.00  1.88   1.62  1.38  1.27
27    3.05  2.60  2.83   2.35  2.58  2.54   1.66  1.99  1.69   1.59  1.32  1.00
28    2.76  2.56  2.36   2.35  2.52  2.67   1.73  2.09  1.69   1.61  1.23  1.22
29    2.53        2.24   2.44  2.51  2.82   1.82  2.00  1.87   1.63  1.19  1.40
30    2.48        2.36   2.32  2.65  2.97   1.96  1.95  1.86   1.66  1.45  1.70

31    2.43        2.42         2.53         2.16  1.72         1.68        1.75
-------------------------------------------------------------------------------
Mean  2.67  2.54  2.61   2.20  2.37  2.51   1.97  1.92  1.74   1.70  1.56  1.58
-------------------------------------------------------------------------------
                                                        2007 Yearly Mean = 2.11
