1952                    CORONAL INDEX OF SOLAR ACTIVITY                    1952
Slovak Academy       Fill-Disk Fe Emission (530.3 nm)         Units=10**16 W/sr
===============================================================================
Day    Jan   Feb   Mar    Apr   May   Jun    Jul   Aug   Sep    Oct   Nov   Dec
-------------------------------------------------------------------------------
 1    7.54  4.46  6.25   7.85  6.60  4.17   5.56  4.99  7.83   6.16  6.11  6.83
 2    6.77  4.39  6.01   7.58  7.12  4.80   5.76  4.83  7.68   6.04  5.73  6.63
 3    6.29  4.61  6.66   7.31  7.13  4.79   4.87  4.81  7.25   6.65  6.02  6.38
 4    6.04  5.18  6.90   7.52  6.77  4.57   4.16  4.69  6.21   6.57  5.64  6.36
 5    5.96  5.58  7.22   7.86  6.47  4.39   4.79  6.05  5.93   5.97  5.86  6.15

 6    6.94  6.03  7.45   6.73  6.10  4.31   4.49  6.30  6.05   5.56  6.00  5.80
 7    6.67  6.48  8.15   7.56  7.12  3.86   4.97  5.77  6.20   6.20  5.88  5.50
 8    5.96  6.77  7.82   7.36  6.68  4.14   6.06  6.59  6.23   5.79  6.38  5.28
 9    6.60  7.13  8.71   7.57  6.57  3.78   5.33  6.62  5.96   5.70  6.70  5.16
10    6.80  7.42  8.44   7.72  6.29  3.40   4.99  6.54  5.97   5.94  6.74  5.95

11    6.89  7.29  9.09   7.59  5.62  3.04   5.23  7.44  6.60   5.60  7.34  5.10
12    6.93  7.14  9.32   7.28  5.54  3.30   5.63  7.20  6.72   5.98  7.44  5.32
13    6.68  6.92  9.55   7.60  5.81  3.09   5.66  6.57  6.99   6.06  6.92  5.34
14    6.40  6.66  9.29   7.36  5.24  3.41   5.76  7.00  7.26   6.15  7.51  5.42
15    7.61  6.62  9.12   7.03  5.73  3.29   5.00  6.72  7.00   6.57  7.45  5.98

16    8.31  6.66  8.37   7.05  5.56  3.64   5.00  6.38  7.14   6.87  7.22  6.77
17    8.65  7.07  8.71   7.00  5.36  4.07   4.87  6.73  7.58   7.02  7.17  6.41
18    9.10  7.41  7.57   7.23  5.02  4.29   4.79  6.68  6.83   7.10  7.08  6.41
19    9.38  7.33  7.05   7.50  5.11  4.85   4.96  6.31  6.92   6.72  6.47  6.24
20    9.47  7.40  6.85   6.99  4.88  4.96   4.62  6.37  7.01   6.90  6.75  6.31

21    9.50  7.24  6.85   6.46  5.29  5.02   4.36  6.72  7.02   6.68  6.53  6.44
22    9.19  7.37  6.29   6.83  5.18  7.06   4.03  6.67  6.71   6.82  5.81  6.34
23    8.65  7.99  6.22   6.73  5.15  6.88   3.67  7.21  7.89   6.83  5.78  5.92
24    7.80  7.70  5.72   6.50  4.84  7.35   3.75  7.30  6.51   6.58  5.72  5.92
25    7.03  6.44  6.02   6.55  5.50  7.69   3.94  7.44  7.01   6.55  5.71  5.61

26    6.29  6.18  6.55   6.60  4.81  7.73   4.39  8.31  6.67   6.82  5.88  5.09
27    5.54  5.72  6.94   6.99  5.23  7.30   4.51  8.99  6.93   6.36  6.06  4.96
28    5.63  5.96  5.83   6.03  4.75  7.55   4.39  8.29  7.09   7.16  5.98  4.05
29    5.42  6.16  6.35   5.92  4.57  7.49   4.13  8.08  6.97   6.03  6.99  3.97
30    5.01  0.00  6.96   5.65  4.67  6.15   4.79  7.36  5.91   6.26  6.94  4.69

31    4.69  0.00  6.98   0.00  5.03  0.00   5.09  7.33  0.00   6.55  0.00  4.52
-------------------------------------------------------------------------------
Mean  7.09  6.54  7.39   7.07  5.67  5.01   4.82  6.72  6.80   6.39  6.46  5.70
-------------------------------------------------------------------------------
                                                        1952 Yearly Mean = 6.30
