1981                    CORONAL INDEX OF SOLAR ACTIVITY                    1981
Slovak Academy       Fill-Disk Fe Emission (530.3 nm)         Units=10**16 W/sr
===============================================================================
Day    Jan   Feb   Mar    Apr   May   Jun    Jul   Aug   Sep    Oct   Nov   Dec
-------------------------------------------------------------------------------
 1   11.15 11.00  9.10  16.31 14.32  9.50  10.37 10.35 16.12  16.79 16.88 19.36
 2   10.39 11.96  9.25  16.95 14.23  9.49  10.44 12.31 16.65  16.66 16.73 19.04
 3   10.23 11.37  9.58  16.28 13.46  9.57  11.51 10.37 16.49  17.21 17.24 18.96
 4   10.24 10.67  9.44  15.70 13.54  9.25  12.40 10.73 16.19  17.81 17.61 18.94
 5   10.14 10.72  9.65  15.61 14.50  8.95  13.28 11.24 18.06  17.31 17.21 19.09

 6   10.04 10.77  9.75  15.41 13.92  9.44  13.77  9.35 16.33  16.85 17.16 18.75
 7   10.12 10.95  9.99  15.46 13.11  9.69  13.87 10.63 16.71  17.03 17.00 18.60
 8    9.78 11.20 11.12  17.06 13.11 10.03  14.08 11.81 18.23  17.31 17.83 17.88
 9    9.64 10.93 11.63  15.91 12.92  9.73  14.50 11.71 18.71  17.62 17.43 18.48
10    9.59 10.87 11.98  16.83 13.39 10.16  14.45 12.45 19.34  17.86 17.18 19.09

11    9.35 10.96 12.53  17.35 13.37  9.97  14.37 13.11 19.44  17.69 17.67 17.88
12    9.22 10.85 13.28  15.53 12.11 10.35  13.99 13.38 18.44  17.31 18.56 17.85
13    9.18 11.32 13.31  15.30 11.44 10.86  13.80 14.38 19.21  17.21 18.20 17.47
14    9.29 11.43 13.78  16.62 11.58 11.18  14.37 15.21 19.09  17.01 18.15 17.14
15    9.32 11.55 13.76  15.31 11.48 11.44  14.96 15.23 17.58  16.81 17.89 17.73

16    9.39 11.76 13.60  14.54 12.36 13.15  15.30 14.82 18.45  16.79 17.49 16.74
17    9.53 11.48 13.23  13.93 11.33 13.64  15.49 15.14 17.69  16.78 20.01 15.32
18    9.65 11.02 12.65  13.10 11.33 14.37  15.57 15.58 17.06  15.34 18.82 15.15
19    9.60 10.48 12.47  13.09 11.35 15.07  15.75 15.67 17.49  14.68 18.03 15.21
20    9.59 10.19 12.20  12.92 11.05 15.03  15.94 15.60 17.68  15.17 17.45 15.14

21    9.66  9.84 12.27  12.17 12.04 15.15  15.98 15.67 16.08  15.64 17.84 15.70
22   10.10 10.11 12.43  11.44 12.67 15.02  15.21 15.36 16.55  16.04 18.21 15.56
23    9.81  9.53 12.50  11.10 10.93 14.18  14.74 15.53 16.32  16.01 19.34 15.46
24    9.78  9.00 11.70  11.45 11.37 13.27  13.99 16.01 17.88  15.82 18.43 15.33
25   10.09  9.42 12.03  11.46 11.67 12.59  13.30 15.44 16.89  14.60 18.66 15.61

26   10.12  9.13 12.47  12.16 11.36 11.83  12.88 14.87 18.15  16.40 18.70 15.80
27   11.30  9.23 13.40  12.74 11.35 10.54  13.18 15.79 16.62  15.23 19.05 17.26
28   12.06  9.34 14.26  13.19 11.02 10.26  12.25 16.60 17.14  15.47 19.43 17.41
29   11.16  0.00 14.76  13.65  9.93 10.29  11.83 16.67 17.25  16.35 19.97 17.85
30   10.70  0.00 14.23  14.44  9.82 10.31  11.59 17.41 17.68  16.89 18.70 18.18

31   11.38  0.00 15.01   0.00  9.84  0.00  10.36 17.10  0.00  15.84  0.00 18.77
-------------------------------------------------------------------------------
Mean 10.05 10.61 12.17  14.43 12.13 11.48  13.66 14.05 17.52  16.50 18.10 17.31
-------------------------------------------------------------------------------
                                                        1981 Yearly Mean =14.01
