1986                    CORONAL INDEX OF SOLAR ACTIVITY                    1986
Lomnicky Peak Sta     Full-Disk Fe XIV Emission (530.3 nm)    Units=10**16 W/sr
===============================================================================
Day   Jan   Feb   Mar    Apr   May   Jun    Jul   Aug   Sep    Oct   Nov   Dec
-------------------------------------------------------------------------------
 1    3.06  8.24  7.40   6.92  4.67  3.56   1.60  2.32  2.11   2.96  6.59  3.57
 2    4.23  8.48  7.04   6.78  4.59  2.67   1.63  2.26  2.14   2.79  5.86  3.31
 3    4.87  8.71  7.50   6.60  4.02  2.01   1.57  2.27  2.14   2.57  5.25  3.20
 4    5.26  8.71  7.03   6.90  4.26  2.05   2.20  2.29  2.10   2.51  4.52  2.90
 5    6.15  7.97  7.05   7.47  4.05  2.30   2.46  2.55  2.07   2.40  4.29  2.65

 6    6.68  7.81  7.00   7.78  3.72  2.51   2.73  2.76  2.05   2.24  4.13  2.41
 7    6.64  6.92  6.12   7.31  3.28  2.79   3.05  2.14  1.97   2.71  4.16  2.16
 8    6.54  6.20  5.68   6.92  2.84  3.13   3.44  2.11  1.98   3.18  3.93  2.08
 9    6.07  6.06  5.71   6.31  2.70  3.47   3.91  2.06  2.05   3.12  3.59  2.66
10    6.60  5.95  5.66   5.22  2.59  4.19   4.46  1.90  2.09   3.22  2.91  2.69

11    7.01  5.76  5.45   4.47  2.68  4.49   4.39  1.82  2.08   3.14  2.51  3.25
12    7.19  5.94  4.89   3.88  2.89  5.16   4.51  1.74  2.21   3.01  2.71  3.43
13    6.90  4.49  4.11   3.43  3.11  5.91   4.57  1.61  2.26   3.39  2.80  3.49
14    6.55  3.95  3.47   3.49  3.57  6.83   4.47  1.71  2.24   2.90  3.03  3.46
15    6.26  3.51  2.87   3.68  4.12  6.38   4.38  1.74  2.11   2.35  3.41  3.55

16    6.97  3.14  2.43   3.54  4.65  6.46   4.18  1.60  1.99   2.24  3.72  3.62
17    6.19  2.90  1.95   3.52  5.40  6.16   3.84  1.70  2.10   2.22  4.01  4.15
18    5.06  2.79  2.06   3.48  6.06  6.19   3.75  1.75  2.34   2.29  4.44  4.65
19    4.05  2.77  1.75   3.36  6.69  6.01   3.60  1.74  2.58   2.56  4.54  5.28
20    2.67  2.56  1.99   3.79  7.16  5.63   3.17  1.76  2.58   2.74  4.82  5.12

21    2.05  2.54  2.18   4.42  7.26  4.93   3.09  1.90  2.46   2.81  6.12  5.41
22    1.95  2.64  2.22   4.85  7.23  4.87   3.02  2.11  2.57   2.86  7.01  5.55
23    1.75  2.85  2.94   5.12  7.04  4.77   2.87  1.96  2.63   3.38  7.08  5.34
24    1.90  2.81  3.94   5.62  7.02  4.55   2.88  2.03  2.53   4.81  6.83  4.95
25    2.04  4.15  5.19   5.70  6.85  4.15   2.49  2.06  2.45   5.79  7.00  4.21

26    2.11  4.17  6.18   6.19  6.64  3.82   2.41  2.13  2.24   7.02  6.23  3.20
27    2.43  5.22  7.33   6.08  6.03  3.45   2.37  2.22  2.30   8.00  6.67  2.74
28    3.45  6.88  7.12   5.73  5.36  3.05   2.28  2.13  2.54   2.54  5.54  2.27
29    5.14        7.48   5.34  4.86  2.53   2.14  1.89  2.85   8.58  4.24  1.85
30    6.64        7.64   4.97  4.52  2.09   2.14  1.77  2.95   8.57  3.87  1.67

31    7.58        7.34         4.06         2.28  2.06         7.40        1.39
-------------------------------------------------------------------------------
Mean  4.90  5.15  5.06   5.30  4.84  4.20   3.09  2.00  2.29   3.95  4.73  3.43
-------------------------------------------------------------------------------
                                                        1986 Yearly Mean = 4.07
