1953                    CORONAL INDEX OF SOLAR ACTIVITY                    1953
Slovak Academy       Fill-Disk Fe Emission (530.3 nm)         Units=10**16 W/sr
===============================================================================
Day    Jan   Feb   Mar    Apr   May   Jun    Jul   Aug   Sep    Oct   Nov   Dec
-------------------------------------------------------------------------------
 1    4.44  4.93  5.31   4.95  6.50  3.64   2.43  1.06  2.40   2.76  3.28  1.89
 2    4.55  5.54  6.39   4.65  5.71  3.33   2.30  1.21  2.39   2.60  3.35  1.46
 3    4.62  5.48  6.52   4.46  4.91  3.25   2.08  1.60  2.46   3.27  2.60  1.73
 4    5.23  5.83  6.66   4.25  4.18  2.86   1.77  1.51  2.77   3.23  3.15  1.50
 5    5.74  5.81  6.66   4.62  4.34  2.72   1.75  1.89  3.08   3.41  2.87  1.64

 6    5.72  6.22  6.60   4.99  3.78  2.19   1.82  2.32  3.28   3.38  2.53  1.70
 7    6.53  6.16  6.57   4.97  3.23  2.01   2.02  2.13  4.29   3.00  2.00  1.78
 8    6.65  6.07  6.23   5.17  2.68  2.11   2.19  2.92  3.27   3.03  2.14  1.56
 9    6.85  5.74  5.32   5.07  2.06  2.18   2.20  3.44  3.80   3.31  1.90  1.67
10    7.33  5.51  4.75   4.63  1.97  2.21   2.20  3.82  3.50   2.94  1.95  1.76

11    7.27  5.25  4.43   4.20  2.01  2.11   2.38  3.80  3.84   3.61  1.71  1.69
12    7.09  4.92  4.55   3.65  1.84  2.11   2.79  3.87  3.69   3.91  1.90  1.54
13    7.83  4.91  4.53   2.79  1.72  2.58   2.80  3.65  3.75   3.59  1.61  1.69
14    6.83  4.23  4.44   2.50  1.64  2.84   2.85  3.34  3.03   3.47  1.93  1.66
15    7.17  3.84  3.79   2.31  1.86  2.94   2.90  2.92  3.09   3.40  1.94  1.20

16    7.22  3.54  3.73   1.55  1.88  2.80   2.99  2.88  2.71   3.32  2.07  1.34
17    6.27  3.32  3.63   1.53  2.08  2.76   2.97  2.41  2.76   3.59  2.17  1.39
18    5.80  2.83  4.05   1.83  2.18  2.82   2.93  2.34  2.33   3.14  2.43  1.28
19    5.44  2.62  3.56   1.89  2.86  2.78   2.72  2.23  2.49   3.05  2.76  1.27
20    4.71  2.33  3.19   2.70  3.74  2.63   3.00  2.05  2.32   3.15  2.44  1.29

21    4.56  2.55  2.89   3.24  4.27  2.50   2.84  2.15  2.33   3.28  2.25  1.21
22    3.84  2.49  2.61   3.06  4.29  2.43   2.85  2.18  2.17   3.14  2.35  1.32
23    3.37  2.72  2.81   4.26  4.52  2.41   2.84  2.09  2.60   3.33  2.25  1.86
24    3.63  2.29  3.22   4.55  4.68  2.79   2.54  1.91  2.83   3.03  2.31  1.83
25    3.56  2.82  2.93   5.52  4.91  2.94   2.27  1.78  3.15   3.04  2.50  2.00

26    3.34  3.35  3.67   6.16  4.77  3.04   2.20  1.68  2.84   2.97  2.18  2.04
27    3.89  3.93  4.07   6.45  4.29  3.16   1.76  1.65  2.89   2.88  2.18  2.07
28    3.82  4.19  4.31   6.11  4.32  2.89   2.13  1.50  2.62   2.63  1.97  2.02
29    4.02  0.00  4.74   6.46  3.83  2.74   1.54  1.90  3.09   2.78  1.85  2.08
30    4.06  0.00  4.97   5.72  4.27  2.76   1.33  1.68  3.09   3.10  1.82  2.00

31    5.01  0.00  4.98   0.00  4.05  0.00   1.25  2.21  0.00   3.24  0.00  1.96
-------------------------------------------------------------------------------
Mean  5.37  4.27  4.58   4.14  3.53  2.68   2.34  2.33  2.96   3.18  2.28  1.66
-------------------------------------------------------------------------------
                                                        1953 Yearly Mean = 3.27
