1951                    CORONAL INDEX OF SOLAR ACTIVITY                    1951
Lomnicky Peak Sta     Full-Disk Fe XIV Emission (530.3 nm)    Units=10**16 W/sr
===============================================================================
Day   Jan   Feb   Mar    Apr   May   Jun    Jul   Aug   Sep    Oct   Nov   Dec
-------------------------------------------------------------------------------
 1    5.57  4.98  5.58   5.40  5.56  4.12   4.58  4.32  5.17   5.80  5.61  7.26
 2    5.58  4.93  5.60   5.51  5.55  4.29   4.81  4.83  5.84   5.59  5.94  6.67
 3    5.98  5.00  5.35   5.26  5.44  4.49   4.47  4.72  5.65   6.15  6.36  7.11
 4    6.18  4.77  5.13   5.09  4.75  4.74   5.00  5.38  5.43   5.49  6.34  6.68
 5    6.31  4.78  4.91   5.71  4.29  4.63   4.84  5.64  5.40   5.86  6.12  6.34

 6    6.33  4.81  4.74   4.76  3.81  4.60   4.85  6.44  5.56   6.45  5.77  6.61
 7    6.23  4.80  4.89   4.99  4.08  4.86   5.23  6.24  6.24   6.47  5.73  5.89
 8    6.03  4.75  5.04   4.88  4.30  5.10   5.61  6.70  6.89   7.09  6.00  4.99
 9    6.41  4.46  4.90   4.68  4.56  5.17   5.60  6.66  6.78   7.30  6.11  4.99
10    5.87  4.65  4.72   4.84  4.52  5.12   6.17  6.49  6.94   6.51  5.31  4.57

11    5.49  4.77  4.58   5.03  4.55  5.54   6.24  6.84  6.86   6.79  5.03  4.40
12    5.04  4.99  4.57   4.92  4.38  5.60   6.12  6.90  7.15   7.11  4.79  5.17
13    4.72  4.93  4.62   5.15  4.77  6.02   5.93  6.22  7.63   7.44  5.15  4.48
14    4.51  4.96  4.80   5.31  5.11  6.17   5.80  6.44  7.21   7.47  4.97  5.41
15    4.83  4.91  5.14   5.48  5.47  6.00   5.69  5.83  6.40   7.12  4.75  5.75

16    4.39  5.55  5.68   5.38  5.76  5.58   5.39  5.06  6.33   6.29  4.54  5.41
17    4.43  5.70  5.78   5.69  6.10  5.79   5.11  4.94  5.87   6.46  4.47  5.81
18    4.37  6.04  6.10   6.04  6.42  5.72   4.86  4.48  5.71   6.51  4.48  6.29
19    4.42  6.02  6.63   5.92  6.66  5.55   4.38  4.39  5.74   6.50  4.41  6.75
20    4.49  6.59  7.23   6.36  6.62  5.39   4.16  4.38  5.46   6.13  4.25  6.96

21    4.59  6.77  7.41   7.51  6.49  5.07   4.10  3.92  5.44   5.77  4.12  6.18
22    4.79  7.01  7.45   6.69  6.37  5.11   4.03  3.77  5.46   5.22  4.86  6.01
23    5.27  6.95  6.41   7.04  6.26  4.79   3.72  3.82  5.04   5.34  5.25  6.25
24    5.46  6.88  6.05   7.22  6.10  4.77   3.40  3.75  5.58   5.56  5.54  6.06
25    5.58  6.76  6.28   6.22  5.87  4.44   3.26  4.08  5.89   5.78  5.36  6.71

26    5.63  6.80  6.31   7.22  5.52  4.32   3.34  4.25  5.63   5.52  5.41  6.31
27    5.59  6.47  5.88   7.40  5.31  4.53   3.48  4.56  6.01   5.49  5.78  6.10
28    5.72  5.96  5.43   7.04  5.18  4.93   3.68  4.79  5.93   5.46  6.72  6.20
29    5.60        4.96   6.35  5.02  4.10   3.95  4.84  5.74   5.81  6.50  6.15
30    5.30        5.55   5.63  4.72  4.40   4.04  4.95  5.99   6.03  6.61  6.36

31    5.09        5.45         4.55         4.32  5.01         5.90        6.64
-------------------------------------------------------------------------------
Mean  5.35  5.57  5.59   5.82  5.29  5.03   4.71  5.18  6.03   6.21  5.41  6.02
-------------------------------------------------------------------------------
                                                       1951 Yearly Mean =  5.52














