1949                    CORONAL INDEX OF SOLAR ACTIVITY                    1949
Slovak Academy       Fill-Disk Fe Emission (530.3 nm)         Units=10**16 W/sr
===============================================================================
Day    Jan   Feb   Mar    Apr   May   Jun    Jul   Aug   Sep    Oct   Nov   Dec
-------------------------------------------------------------------------------
 1    9.91 12.99 11.49   9.95 11.43  9.24  10.13  9.14  8.51  11.36 13.26 11.93
 2    9.83 12.50 11.28   9.81 11.74  9.18  10.49  9.39  8.46  11.87 13.31 11.90
 3   10.04 12.55 11.67  10.38 11.56  9.23   9.99  9.46  8.40  11.52 12.13 11.62
 4   10.11 12.52 11.80  10.74 12.11  9.30   9.38  9.97  8.44  11.12 11.84 12.17
 5    9.92 12.74 11.73  10.83 11.92  9.96   9.27  9.19  8.51  11.52 12.81 12.05

 6   11.85 13.24 11.93  10.58 12.26 10.69   9.20  9.23  8.60  12.14 12.86 12.45
 7   12.37 12.79 12.21  10.81 12.51  8.58   9.12  8.96  9.04  12.24 13.06 12.70
 8   13.12 11.39 12.77  10.88 12.33  8.57   8.66  9.21  9.21  13.07 12.37 12.63
 9   13.48 11.56 11.87  11.53 11.85  8.59   8.05  9.44  9.91  13.33 12.16 12.66
10   13.70 11.74 11.47  11.49 11.91  8.52   6.95  9.65 10.55  14.10 12.51 12.82

11   13.66 12.04 11.22  11.21 11.68  8.42   6.98  9.31  9.86  15.00 12.46 12.74
12   15.03 10.94 11.14  11.21 11.76  7.83   7.31  9.34 10.46  15.09 12.58 12.70
13   14.28 10.87 11.04  10.62 11.36  7.13   7.13  9.26 11.11  15.54 12.93 12.53
14   14.25 10.53 10.59   9.73 11.34  7.03   7.03 10.13 11.88  15.42 12.69 12.17
15   13.91 10.85  8.49  10.99 11.41  7.54   6.91  9.81 11.68  15.29 12.39 12.25

16   13.67 11.27  9.75  11.19 10.35  7.65   6.85  9.90 11.80  16.23 12.47 12.26
17   13.45 11.49 10.51  10.23 10.75  7.98   7.14  9.82 11.05  16.12 11.58 12.25
18   12.81 10.87 10.35  11.20 10.83  8.30   7.90  9.51 11.53  15.47 11.86 12.37
19   12.09 11.15  9.93  11.61 10.68  8.98   7.53  9.74 11.76  15.43 12.20 11.95
20   12.94 10.69  9.59  10.74 11.17  8.46   7.49  9.61 11.46  14.15 11.95 12.06

21   12.72 10.73  9.21  12.99 11.72 10.28   8.01 10.07 11.41  14.37 11.41 12.24
22   12.71 11.87 10.08  12.93 10.69  9.72   8.03  9.92 11.50  14.08 11.18 11.80
23   12.56 12.25  9.60  12.56 11.80  9.75   8.53  9.97 10.45  12.63 11.03 10.87
24   11.54 11.30 10.37  12.21 11.52  9.61   9.69 10.34 10.13  12.95 11.44 11.87
25   12.43 12.18  9.32  11.94 11.09  9.95   8.77  9.66 10.24  12.57 11.37 11.22

26   13.13 11.61  9.45  11.65 10.77 10.20   9.19  9.75  9.98  13.07 11.10 11.94
27   12.25 11.80  9.25  11.68 10.97  9.96   9.73  9.66 11.53  14.48 10.75 11.98
28   12.83 12.35  9.62  11.78 10.29  9.54   9.60  9.17 11.47  12.88 10.92 11.71
29   12.60  0.00  9.61  11.17  9.53  9.67   9.78  8.98 10.27  10.58 10.98 10.57
30   12.07  0.00  9.72  11.18  9.21  9.56   9.29  9.09 10.82  13.25 11.76 11.13

31   12.69  0.00  9.42   0.00  9.47  0.00   8.79  8.42  0.00  12.90  0.00 11.17
-------------------------------------------------------------------------------
Mean 12.51 11.74 10.53  11.19 11.23  8.98   8.48  9.52 10.33  13.54 12.05 12.02
-------------------------------------------------------------------------------
                                                        1949 Yearly Mean =11.01
