1961                    CORONAL INDEX OF SOLAR ACTIVITY                    1961
Lomnicky Peak Sta     Full-Disk Fe XIV Emission (530.3 nm)    Units=10**16 W/sr
===============================================================================
Day   Jan   Feb   Mar    Apr   May   Jun    Jul   Aug   Sep    Oct   Nov   Dec
-------------------------------------------------------------------------------
 1    8.10  9.02  8.85   7.85  6.60  5.60   6.39  6.39  7.99   6.61  5.45  5.68
 2    8.43  9.23  8.68   7.53  6.53  5.00   5.92  6.65  7.41   6.73  5.52  5.92
 3    8.74  9.52  7.78   7.15  6.51  4.64   5.65  7.06  7.59   7.67  5.24  6.06
 4    9.07  9.18  7.39   7.50  6.64  4.52   5.91  7.54  7.97   8.10  5.19  6.21
 5    9.41  9.27  6.70   7.66  6.73  4.67   6.14  7.57  8.29   8.32  5.48  6.10

 6    9.83  9.19  6.22   7.08  6.74  4.97   5.83  7.34  8.82   8.29  5.38  6.02
 7   10.22  9.03  5.82   7.12  6.32  5.26   5.32  7.52  9.19   8.12  5.00  6.20
 8   10.11  8.87  5.63   6.94  5.99  5.61   5.64  8.40  8.93   8.16  5.32  6.23
 9    9.98  8.16  5.21   6.81  5.68  6.02   5.95  8.43  9.12   8.16  5.43  5.32
10    9.98  8.24  5.17   6.53  5.75  6.55   6.31  8.28  9.01   7.85  5.52  4.85

11    9.84  7.85  5.17   6.17  5.84  6.68   6.52  8.12  8.96   7.46  6.33  4.14
12    9.58  7.44  5.61   5.85  6.15  6.74   6.17  7.94  8.60   7.33  5.64  3.90
13    8.93  7.27  5.78   5.55  6.03  6.94   6.39  7.96  8.23   7.14  4.98  4.12
14    8.02  7.83  6.30   5.63  6.42  6.99   6.81  8.19  8.03   7.24  5.79  3.87
15    7.91  7.12  7.01   5.74  6.75  7.01   6.97  8.03  8.29   7.08  5.67  3.55

16    8.14  8.17  7.67   5.89  7.06  7.70   7.03  7.75  7.92   6.74  5.61  3.79
17    7.83  7.46  7.41   5.91  7.30  7.68   6.90  8.00  8.41   6.56  5.26  4.01
18    7.84  8.01  7.50   5.77  7.58  8.60   6.64  8.04  7.87   6.30  5.09  4.25
19    7.54  7.88  7.70   5.62  7.77  8.95   7.36  8.33  7.48   6.14  4.92  4.56
20    8.51  7.97  8.02   6.11  7.94  8.67   7.15  8.33  7.27   6.02  5.68  4.91

21    8.70  8.17  8.65   6.20  7.73  8.78   6.89  8.56  7.04   6.10  5.59  5.11
22    9.08  8.65  8.43   6.23  7.35  9.07   6.77  8.13  6.99   5.96  5.80  5.36
23    9.01  8.44  8.09   6.16  6.98  9.14   6.61  8.56  7.58   6.10  5.41  5.57
24    9.07  8.88  8.61   6.21  6.92  9.05   6.68  8.38  7.20   6.16  5.07  5.64
25    9.06  8.63  8.81   6.46  6.94  8.54   7.23  8.23  6.63   6.47  5.50  5.63

26    8.97  8.70  9.19   6.42  6.91  8.07   6.58  7.80  6.76   6.41  5.88  5.92
27    8.52  9.52  9.39   6.30  6.63  7.67   6.45  7.63  6.97   6.42  5.72  5.95
28    9.16  9.34  9.05   6.33  6.35  7.54   6.45  7.56  7.38   5.88  5.77  5.89
29    8.59        8.78   6.42  6.09  7.39   6.69  7.50  7.42   6.24  5.60  5.86
30    8.67        8.59   6.57  6.14  7.06   6.64  7.17  7.01   6.23  5.46  5.58

31    8.85        7.98         5.97         6.33  7.58         6.22        5.46
-------------------------------------------------------------------------------
Mean  8.89  8.47  7.46   6.46  6.66  7.04   6.46  7.84  7.88   6.91  5.48  5.21
-------------------------------------------------------------------------------
                                                       1961 Yearly Mean =  7.05














