1957                    CORONAL INDEX OF SOLAR ACTIVITY                    1957
Slovak Academy       Fill-Disk Fe Emission (530.3 nm)         Units=10**16 W/sr
===============================================================================
Day    Jan   Feb   Mar    Apr   May   Jun    Jul   Aug   Sep    Oct   Nov   Dec
-------------------------------------------------------------------------------
 1   20.19 22.40 16.80  18.25 19.46 18.83  18.53 16.67 17.42  18.07 20.43 20.51
 2   19.56 22.12 16.88  19.00 19.96 18.70  18.83 15.53 17.05  18.58 20.50 20.13
 3   18.99 21.17 17.34  19.11 20.27 19.13  19.85 16.35 18.06  17.71 20.12 19.55
 4   18.52 21.65 18.05  19.69 19.38 17.89  17.21 15.41 18.81  17.93 18.65 20.63
 5   17.87 21.88 17.67  18.16 19.26 17.99  17.92 15.00 18.57  18.95 18.97 20.43

 6   17.52 19.76 15.73  16.73 19.22 18.71  17.74 16.08 17.50  17.55 18.66 19.28
 7   16.83 17.96 16.42  17.24 18.99 19.31  17.98 16.92 16.85  18.71 19.69 19.47
 8   15.80 18.41 16.47  18.08 20.01 19.41  19.21 17.21 17.00  18.93 19.66 18.69
 9   16.04 19.32 16.62  17.66 20.82 19.51  18.86 15.63 18.55  18.18 19.48 17.78
10   16.29 19.83 16.72  17.82 18.49 19.96  17.70 15.84 17.76  19.41 19.05 18.66

11   15.22 19.98 17.15  17.74 18.06 20.32  17.00 14.34 17.34  20.09 19.81 17.40
12   16.94 20.00 16.33  17.95 17.67 20.35  16.70 16.87 17.23  19.13 19.12 17.77
13   17.09 19.96 17.55  18.62 17.54 20.54  17.35 18.43 17.64  19.10 20.03 16.94
14   17.02 21.39 17.91  18.84 17.86 20.51  17.32 17.62 19.97  18.51 19.22 15.82
15   17.26 22.26 16.93  18.78 17.62 21.22  16.74 17.14 19.60  19.88 19.21 16.13

16   17.56 22.43 19.15  19.16 16.98 20.62  16.95 17.41 19.46  19.80 20.12 16.74
17   17.46 22.51 20.06  19.43 17.88 20.33  15.54 17.27 19.17  20.57 19.00 17.96
18   18.70 23.06 20.48  20.25 18.50 20.02  14.94 19.00 19.91  20.36 18.71 18.31
19   19.11 23.61 20.54  19.87 19.43 20.15  15.18 19.37 20.55  20.00 20.18 17.73
20   19.47 23.06 19.13  19.74 19.44 19.77  15.92 17.26 23.05  20.48 18.62 18.10

21   19.78 22.35 17.86  20.32 19.48 19.67  16.34 17.56 21.33  22.32 19.26 18.98
22   21.07 21.07 20.72  21.58 19.98 18.66  14.94 16.96 20.44  21.00 21.35 19.02
23   21.68 20.57 19.62  21.07 21.17 19.36  15.97 18.00 20.46  21.24 17.63 21.63
24   22.42 20.38 18.80  22.41 20.65 18.49  15.28 18.08 20.57  21.05 18.80 20.31
25   22.96 20.13 17.80  21.76 20.37 18.88  16.44 17.48 19.90  20.87 19.94 18.81

26   22.71 19.49 17.51  22.42 19.68 19.22  17.88 17.32 19.62  21.09 18.79 20.17
27   22.46 19.13 17.86  23.13 19.46 20.02  16.53 16.76 18.14  23.06 18.91 19.84
28   22.22 16.36 18.71  21.87 19.07 18.84  16.11 16.36 18.61  21.60 19.57 19.98
29   22.38  0.00 19.24  20.80 19.05 19.07  16.68 17.36 18.07  21.37 19.64 21.04
30   22.92  0.00 19.40  20.04 18.67 18.14  16.13 17.31 18.23  20.85 19.71 20.71

31   22.72  0.00 18.65   0.00 18.64  0.00  16.05 17.23  0.00  20.95  0.00 20.50
-------------------------------------------------------------------------------
Mean 19.25 20.79 18.07  19.58 19.13 19.45  16.96 16.96 18.90  19.91 19.43 19.00
-------------------------------------------------------------------------------
                                                        1957 Yearly Mean =18.93
