1994                    CORONAL INDEX OF SOLAR ACTIVITY                    1994
Slovak Academy       Full-Disk Fe XIV Emission (530.3 nm)     Units=10**16 W/sr
===============================================================================
Day   Jan   Feb   Mar    Apr   May   Jun    Jul   Aug   Sep    Oct   Nov   Dec
-------------------------------------------------------------------------------
 1    7.08  7.21  7.70   5.97  4.05  3.48   3.56  3.05  3.71   2.27  3.62  2.69
 2    7.15  7.06  7.83   5.55  3.81  3.29   3.33  3.17  4.21   2.06  3.35  2.76
 3    7.39  6.77  7.90   5.50  3.64  3.35   3.40  3.38  4.39   1.88  3.28  3.46
 4    8.46  6.63  7.75   5.38  3.85  3.40   4.78  3.43  4.66   2.00  3.54  3.15
 5    8.50  6.54  7.36   4.23  3.58  3.51   3.53  3.37  5.17   1.98  3.46  2.87

 6    8.42  6.86  6.69   4.18  3.45  4.08   3.60  3.40  5.10   2.11  3.69  2.67
 7    8.13  5.89  6.32   3.93  3.62  4.86   3.72  3.26  5.12   2.11  4.58  3.37
 8    8.37  5.13  6.02   3.72  3.72  4.74   3.86  3.42  5.02   2.33  3.92  3.05
 9    8.59  4.56  5.89   3.82  4.05  4.70   4.17  3.78  4.52   2.29  3.67  2.72
10    8.06  5.04  5.65   3.89  4.42  5.39   4.16  3.77  4.53   3.05  3.23  2.54

11    6.68  5.55  5.29   3.97  4.37  5.61   3.79  3.33  4.69   2.83  3.46  2.47
12    5.91  5.31  5.29   4.23  4.50  5.93   3.47  2.98  3.83   3.13  3.23  2.54
13    5.42  5.56  5.46   4.38  4.49  5.47   3.48  2.71  3.07   2.69  3.16  2.58
14    5.24  5.70  5.33   4.85  4.60  6.02   3.34  2.81  2.70   3.16  2.64  2.63
15    5.59  5.93  5.46   6.30  5.19  5.45   3.60  2.49  2.43   3.28  3.00  2.60

16    5.49  6.37  5.45   6.24  5.45  5.35   3.67  2.26  2.26   3.42  2.87  2.69
17    5.30  6.48  5.77   6.52  5.15  5.00   3.52  2.23  1.89   3.46  2.78  2.77
18    5.46  6.41  6.24   6.87  5.17  4.74   3.06  2.22  2.01   4.10  2.52  2.94
19    5.42  7.59  6.63   7.10  4.96  4.27   2.78  2.25  2.11   3.88  2.49  2.61
20    5.41  8.07  6.97   6.92  5.10  4.60   2.79  2.36  2.17   3.84  2.47  2.48

21    5.72  8.47  7.40   6.80  5.17  3.23   2.95  2.46  2.15   3.70  2.34  2.29
22    5.15  8.62  7.77   5.86  5.04  3.04   3.62  2.77  2.13   3.22  2.28  2.53
23    6.11  8.69  7.65   5.51  4.79  2.94   3.63  2.94  2.12   3.17  1.96  2.51
24    7.72  8.83  7.51   5.52  4.70  2.71   3.06  2.99  2.79   3.77  1.76  2.53
25    7.54  9.06  6.85   5.34  4.35  2.69   3.15  2.92  2.59   3.35  2.08  2.49

26    7.70  8.46  6.25   5.01  4.05  2.83   3.10  2.85  2.39   3.24  2.28  2.63
27    7.70  8.05  6.01   5.04  3.74  2.70   3.18  2.97  2.20   2.73  2.28  2.90
28    7.73  7.80  5.93   4.99  3.66  3.40   3.90  3.16  2.24   2.84  2.45  3.25
29    7.92        6.30   4.88  3.55  3.37   3.96  3.29  2.36   3.17  2.32  3.55
30    7.59        6.50   4.41  3.50  2.83   3.18  3.48  2.41   3.31  2.33  3.81

31    7.34        6.34         3.30         3.44  3.28         3.08        3.95
-------------------------------------------------------------------------------
Mean  6.91  6.88  6.50   5.23  4.29  4.10   3.51  2.99  3.23   2.95  2.90  2.84
-------------------------------------------------------------------------------
                                                        1994 Yearly Mean = 4.35
