1977                    CORONAL INDEX OF SOLAR ACTIVITY                    1977
Lomnicky Peak Sta     Full-Disk Fe XIV Emission (530.3 nm)    Units=10**16 W/sr
===============================================================================
Day   Jan   Feb   Mar    Apr   May   Jun    Jul   Aug   Sep    Oct   Nov   Dec
-------------------------------------------------------------------------------
 1    2.09  4.33  4.19   2.48  2.26  4.55   4.16  3.03  3.97   4.60  4.64  4.00
 2    2.42  3.89  4.26   2.64  2.24  4.68   3.75  2.78  3.60   4.73  4.74  4.07
 3    2.29  3.98  3.75   2.66  2.33  4.80   3.41  2.63  3.42   5.58  4.96  4.31
 4    2.34  3.61  3.50   2.72  2.36  4.61   3.15  2.56  3.20   7.19  4.63  4.38
 5    2.46  3.60  3.50   2.78  2.38  4.50   2.95  2.51  3.44   6.91  4.29  4.61

 6    2.37  3.55  3.54   2.83  2.40  4.31   2.85  2.47  3.79   7.22  4.83  4.64
 7    2.57  3.58  3.71   2.73  2.67  4.12   3.15  2.59  4.01   6.58  5.21  4.95
 8    2.58  3.37  3.55   2.61  2.57  3.93   2.28  2.52  4.30   6.80  5.49  5.03
 9    2.72  3.55  3.32   2.28  2.91  3.76   2.50  2.72  4.42   6.48  5.61  5.23
10    2.59  3.67  3.21   2.26  2.77  3.57   2.61  2.75  4.59   6.75  5.55  5.41

11    2.77  3.67  3.27   2.30  2.81  3.50   2.67  2.70  4.71   5.51  5.17  5.63
12    2.38  3.67  3.26   2.17  2.83  3.45   2.51  2.65  5.26   5.74  5.90  5.34
13    2.78  3.86  3.33   1.94  2.85  3.46   2.43  3.36  4.35   4.61  5.38  5.38
14    2.70  3.99  2.98   1.72  2.84  3.45   2.56  3.33  4.13   4.22  5.71  5.23
15    2.80  4.44  2.85   1.67  2.89  3.50   3.11  3.97  4.43   4.73  6.09  4.92

16    2.47  4.36  2.68   1.74  3.00  3.52   3.08  3.79  4.46   5.58  4.90  4.96
17    2.32  4.11  2.98   1.75  3.19  3.53   3.02  3.85  4.93   5.09  4.71  4.88
18    2.23  4.58  2.80   1.72  3.38  3.72   2.90  4.11  4.80   5.52  5.14  4.21
19    2.41  4.47  2.62   1.76  3.65  3.52   3.02  4.50  4.40   5.68  4.88  4.41
20    2.54  4.29  2.46   1.95  4.25  3.86   3.36  4.64  4.40   4.49  5.09  4.25

21    2.75  4.18  2.31   2.33  4.01  3.79   4.03  4.47  4.70   4.69  6.12  4.43
22    2.64  3.49  2.22   2.53  4.11  3.71   3.81  4.05  4.73   5.22  4.47  5.09
23    2.47  3.86  2.38   2.66  3.78  3.78   3.62  4.25  4.20   4.36  4.53  5.80
24    2.68  4.58  2.38   2.73  3.61  3.99   3.45  4.09  3.77   4.69  4.84  5.40
25    2.61  4.36  2.38   2.71  3.53  3.62   3.49  4.49  3.82   5.10  4.43  5.62

26    2.98  4.20  2.44   2.65  3.45  4.08   3.74  4.52  3.90   5.06  4.37  5.73
27    3.31  4.19  2.43   2.58  3.30  4.12   3.84  4.53  4.43   4.42  4.33  5.79
28    3.16  4.13  2.46   2.41  3.47  4.00   3.58  4.66  5.00   5.49  3.72  5.81
29    3.37        2.49   2.33  3.75  4.06   3.30  4.45  4.75   5.36  3.80  5.94
30    3.63        2.45   2.26  4.09  4.04   3.14  4.33  4.84   4.40  3.83  5.48

31    3.53        2.45         4.35         3.01  4.41         4.50        5.36
-------------------------------------------------------------------------------
Mean  2.68  3.98  2.97   2.33  3.16  3.92   3.18  3.60  4.29   5.40  4.91  5.04
-------------------------------------------------------------------------------
                                                        1977 Yearly Mean = 3.79
