1965                    CORONAL INDEX OF SOLAR ACTIVITY                    1965
Lomnicky Peak Sta     Full-Disk Fe XIV Emission (530.3 nm)    Units=10**16 W/sr
===============================================================================
Day   Jan   Feb   Mar    Apr   May   Jun    Jul   Aug   Sep    Oct   Nov   Dec
-------------------------------------------------------------------------------
 1    2.28  2.76  2.99   1.82  1.79  2.78   3.28  2.40  2.09   2.50  2.22  2.82
 2    2.75  2.91  2.77   1.68  1.71  2.55   3.23  3.13  2.04   2.40  2.24  2.64
 3    2.54  3.02  2.44   1.76  1.64  3.20   3.22  3.32  1.96   2.37  2.44  2.45
 4    3.01  3.27  2.13   1.69  1.66  4.18   3.47  3.89  1.77   2.35  2.36  2.19
 5    2.87  3.24  2.46   1.57  1.72  4.95   3.67  4.06  1.79   2.21  2.11  2.09

 6    2.88  3.36  2.31   1.99  1.77  5.37   3.74  3.66  1.77   2.18  2.17  2.16
 7    2.80  3.48  2.14   2.04  1.84  5.50   4.10  3.72  1.60   2.17  1.96  2.22
 8    2.64  3.67  2.11   1.55  2.05  5.33   3.80  3.66  1.73   2.20  2.04  2.36
 9    2.43  3.56  2.08   1.73  2.44  5.26   3.88  4.10  1.80   2.26  2.18  2.34
10    2.65  3.68  1.93   1.72  2.52  5.14   3.67  4.30  2.05   2.01  2.10  2.30

11    2.55  3.39  1.71   1.98  2.59  4.88   3.63  4.02  2.10   1.75  2.21  2.29
12    2.36  3.12  1.51   2.03  2.67  4.43   3.73  3.96  2.16   1.97  2.32  2.29
13    2.42  2.57  1.22   1.88  2.77  3.92   3.19  4.17  2.18   1.94  2.27  2.14
14    2.46  2.32  1.27   1.68  3.04  3.59   3.20  3.94  2.39   1.61  2.18  2.28
15    2.47  2.11  1.36   1.85  3.83  3.55   3.36  4.41  2.55   1.64  1.96  2.29

16    2.39  1.98  1.50   1.89  3.17  3.72   3.13  3.98  2.33   1.74  1.90  2.27
17    2.96  1.80  1.38   1.98  3.12  3.77   2.70  3.65  1.94   1.46  1.87  2.36
18    1.84  1.88  1.61   2.04  3.02  4.02   2.82  3.56  2.05   1.46  1.83  2.41
19    2.04  1.47  1.53   2.17  2.93  3.84   2.70  3.49  2.36   1.27  1.71  2.48
20    1.94  1.69  1.63   2.14  2.90  3.86   2.73  2.68  2.44   1.32  1.71  2.53

21    1.81  1.73  1.81   2.17  2.78  3.57   2.75  2.25  2.44   1.87  1.79  2.46
22    1.70  1.71  1.95   2.12  2.40  3.39   2.73  2.37  2.27   2.06  2.11  2.14
23    1.73  1.88  1.79   2.17  2.86  3.60   2.69  2.40  2.25   2.26  1.95  1.97
24    1.54  2.35  1.76   2.31  2.86  3.93   2.44  2.23  2.45   2.33  1.93  1.86
25    1.38  2.42  1.76   2.24  2.94  3.98   2.22  2.10  2.91   2.46  2.14  1.88

26    1.56  2.50  1.83   2.07  2.96  3.86   2.14  2.06  2.65   2.58  2.35  1.84
27    1.74  2.90  1.88   1.90  3.04  3.11   2.15  1.93  2.42   2.70  2.60  1.83
28    2.05  2.97  1.86   1.81  3.20  2.96   2.16  2.10  2.76   2.57  2.57  1.84
29    2.52        1.78   1.82  3.75  3.36   2.22  2.21  2.72   2.57  2.53  2.00
30    2.47        1.75   1.92  3.01  2.92   2.43  2.15  2.73   2.18  2.70  2.00

31    2.59        1.78         2.76         2.27  2.18         2.29        1.95
-------------------------------------------------------------------------------
Mean  2.30  2.91  1.87   1.98  2.64  4.04   3.01  3.17  2.30   2.09  2.23  2.22
-------------------------------------------------------------------------------
                                                        1965 Yearly Mean = 2.51
