1990                    CORONAL INDEX OF SOLAR ACTIVITY                    1990
Slovak Academy       Fill-Disk Fe Emission (530.3 nm)         Units=10**16 W/sr
===============================================================================
Day    Jan   Feb   Mar    Apr   May   Jun    Jul   Aug   Sep    Oct   Nov   Dec
-------------------------------------------------------------------------------
 1   15.62 19.03 17.27  15.21 14.06 13.07  17.33 18.84 17.67  14.22 12.22 15.27
 2   16.04 18.45 17.50  15.03 13.75 13.69  17.94 18.22 16.47  13.99 12.44 16.07
 3   15.96 17.82 17.05  13.83 13.64 13.75  17.35 17.93 15.37  14.35 12.73 16.33
 4   16.51 16.37 17.39  14.11 13.56 14.65  16.90 17.51 15.41  14.86 13.17 16.29
 5   16.92 16.25 15.80  13.26 13.32 15.37  17.23 17.02 15.78  13.66 14.42 16.20

 6   15.85 16.60 15.62  13.30 14.00 15.04  18.07 17.40 15.75  14.18 14.90 16.47
 7   15.34 17.17 15.71  12.56 14.51 15.57  17.67 16.20 16.46  14.10 14.46 16.47
 8   15.14 16.44 15.50  13.38 15.43 16.11  17.34 16.22 16.61  14.02 14.34 16.89
 9   14.81 16.78 15.03  12.77 16.02 16.87  17.50 15.91 15.63  14.20 14.13 16.90
10   15.74 17.33 14.97  14.58 16.56 17.78  17.31 16.32 16.83  15.04 13.38 16.60

11   15.03 15.87 13.97  13.66 16.32 18.63  17.14 15.77 17.10  13.69 13.23 15.65
12   14.53 16.28 15.02  16.72 16.17 17.45  17.08 16.24 17.03  14.61 13.95 16.06
13   14.19 16.15 15.11  16.59 16.54 17.63  16.58 16.39 17.59  14.07 13.01 16.59
14   14.04 15.92 15.65  16.63 17.03 18.81  16.64 15.11 18.15  14.74 12.73 15.80
15   14.48 16.46 15.00  17.48 17.18 19.55  16.45 15.41 17.70  15.65 13.12 15.30

16   15.30 17.09 16.50  17.59 17.44 19.30  16.72 15.60 17.68  15.24 12.78 14.81
17   15.70 15.85 18.07  17.44 17.49 18.40  16.20 16.39 17.17  15.48 13.05 14.48
18   15.86 16.55 18.13  18.10 17.37 17.37  15.89 17.03 17.38  15.57 13.68 14.76
19   16.18 17.41 18.01  17.84 18.06 17.37  15.24 17.81 16.96  15.61 11.98 14.92
20   16.45 17.48 17.18  17.83 18.54 17.26  15.69 18.22 17.10  16.36 11.36 15.45

21   17.16 18.74 17.44  17.84 19.21 16.70  15.69 18.41 15.61  15.59 10.78 15.85
22   17.28 18.29 18.07  18.10 18.78 14.45  18.22 18.55 15.21  13.70 10.60 16.45
23   17.25 17.88 19.45  18.26 18.48 14.38  16.44 19.21 15.47  13.37 10.76 16.95
24   17.01 18.74 17.47  17.72 16.53 14.28  16.67 17.66 15.55  13.13 11.27 17.38
25   17.33 17.82 16.92  17.74 16.83 13.66  15.91 17.96 14.91  13.58 11.58 17.92

26   17.06 18.57 16.39  17.48 15.29 13.79  17.47 18.47 15.02  12.67 12.18 18.45
27   18.24 18.30 17.78  16.55 16.10 14.09  17.61 17.58 14.90  12.50 12.86 18.82
28   18.13 17.63 17.81  15.64 13.87 13.67  17.69 17.53 15.28  12.18 13.42 18.21
29   17.89  0.00 18.08  14.85 13.62 15.35  17.09 17.02 14.96  11.77 14.27 18.09
30   18.21  0.00 16.61  14.33 12.82 16.20  17.02 16.92 14.66  12.70 14.78 18.03

31   18.90  0.00 16.24   0.00 13.29  0.00  17.68 17.60  0.00  13.75  0.00 17.45
-------------------------------------------------------------------------------
Mean 16.26 17.26 16.67  15.88 15.86 16.01  16.96 17.18 16.25  14.15 12.92 16.48
-------------------------------------------------------------------------------
                                                        1990 Yearly Mean =15.99
