1973                    CORONAL INDEX OF SOLAR ACTIVITY                    1973
Lomnicky Peak Sta     Full-Disk Fe XIV Emission (530.3 nm)    Units=10**16 W/sr
===============================================================================
Day   Jan   Feb   Mar    Apr   May   Jun    Jul   Aug   Sep    Oct   Nov   Dec
-------------------------------------------------------------------------------
 1    5.48  6.10  5.37   4.74  6.97  5.48   6.87  5.88  6.12   5.61  6.27  4.05
 2    5.37  5.95  6.14   4.99  6.85  5.09   6.17  5.74  6.47   5.28  5.39  3.95
 3    5.36  6.53  6.11   5.28  7.29  4.20   5.88  5.70  6.56   5.09  5.50  3.66
 4    5.81  6.53  6.08   5.46  7.47  4.14   5.49  5.96  6.72   4.97  5.44  4.22
 5    5.89  6.79  6.19   5.32  6.73  3.72   5.31  5.57  6.17   4.71  4.67  3.58

 6    5.72  7.09  6.12   5.39  6.42  3.44   5.75  5.23  6.75   4.24  4.40  3.08
 7    6.80  6.98  7.03   5.56  6.28  3.30   5.87  5.38  6.76   4.24  4.26  2.75
 8    5.74  6.80  7.64   5.69  6.27  3.24   5.77  5.86  6.65   4.15  3.94  2.85
 9    5.81  6.70  7.44   5.77  6.43  3.50   5.80  5.68  6.10   4.10  3.88  2.98
10    6.62  6.28  7.42   5.80  6.07  4.73   5.78  5.72  5.68   4.18  3.88  3.24

11    6.62  5.99  7.45   5.81  5.96  3.81   6.67  5.28  5.21   4.02  3.75  3.31
12    6.19  5.57  7.26   6.15  6.53  3.57   5.82  5.39  6.45   3.75  4.10  3.50
13    6.75  5.37  7.29   6.45  6.47  3.74   6.01  5.57  5.94   3.74  4.11  3.78
14    6.04  4.88  7.09   6.18  6.07  4.41   5.74  5.50  5.46   4.07  4.44  4.18
15    6.22  4.68  6.93   6.00  5.75  5.29   6.12  5.18  5.56   4.55  4.37  4.72

16    6.12  4.63  6.14   5.74  5.58  5.30   5.92  4.90  4.97   4.98  4.43  5.48
17    5.58  4.96  5.69   5.52  5.48  5.19   5.52  5.32  5.12   4.91  4.54  5.61
18    6.06  5.25  5.29   5.40  5.39  5.57   5.93  5.15  5.62   5.00  5.06  6.06
19    6.11  5.32  5.03   5.32  5.40  6.00   5.89  4.91  5.42   4.99  5.25  5.88
20    6.50  5.19  4.78   5.02  5.46  6.38   5.79  4.81  5.73   5.02  5.82  5.42

21    6.14  5.25  5.02   4.85  5.66  6.40   5.89  4.96  6.38   5.01  5.66  5.45
22    5.69  5.72  3.93   4.93  5.82  5.86   5.79  5.15  6.38   5.33  6.09  5.54
23    5.74  6.19  4.32   4.99  5.67  5.73   5.87  5.78  6.54   5.48  5.93  4.81
24    6.32  6.01  4.35   5.16  5.79  6.10   6.57  5.52  7.00   5.74  5.83  4.43
25    5.76  5.74  4.28   5.32  5.91  6.36   6.80  5.29  7.07   6.09  5.36  4.26

26    6.34  5.48  3.97   5.47  6.05  6.36   6.88  5.73  7.23   6.19  4.94  3.94
27    5.73  5.26  3.79   5.77  6.46  6.36   6.68  5.77  7.22   6.09  4.48  4.09
28    5.56  5.06  3.91   6.66  6.41  6.26   6.66  5.63  6.94   6.78  4.89  4.55
29    5.50        4.53   6.94  6.06  6.07   6.66  6.23  6.72   6.61  4.32  3.66
30    6.05        4.63   7.06  6.00  6.32   6.52  5.85  6.26   5.88  4.28  3.46

31    5.99        4.72         5.79         6.21  5.91         6.01        3.30
-------------------------------------------------------------------------------
Mean  5.99  5.80  5.68   5.62  6.14  5.07   6.07  5.50  6.24   5.06  4.84  4.19
-------------------------------------------------------------------------------
                                                        1973 Yearly Mean = 5.52
