1948                    CORONAL INDEX OF SOLAR ACTIVITY                    1948
Lomnicky Peak Sta     Full-Disk Fe XIV Emission (530.3 nm)    Units=10**16 W/sr
===============================================================================
Day   Jan   Feb   Mar    Apr   May   Jun    Jul   Aug   Sep    Oct   Nov   Dec
-------------------------------------------------------------------------------
 1    6.06  6.91  7.52   6.10  6.37  8.33   9.15  7.78  6.51   6.61  6.82  8.37
 2    6.16  6.85  7.75   6.42  6.61  9.27   9.04  7.41  6.53   6.29  7.06  6.96
 3    6.11  7.26  7.71   6.66  6.66  9.25   9.16  7.34  6.45   6.32  7.63  7.11
 4    6.12  7.83  7.67   7.01  6.76  9.09   9.43  7.32  6.34   7.02  8.16  7.09
 5    6.04  8.39  7.82   7.30  6.76  8.69   9.27  6.97  6.64   6.92  8.30  7.07

 6    6.19  8.26  7.53   7.55  6.94  8.67   9.29  6.56  6.89   6.85  8.52  7.55
 7    6.20  8.14  8.36   7.84  7.11  7.64   8.96  7.11  7.40   6.91  8.63  7.19
 8    6.28  8.02  8.50   8.01  7.27  8.10   8.37  6.63  8.11   6.92  8.96  6.79
 9    6.05  7.94  8.73   8.27  6.94  7.58   8.11  6.92  8.48   7.10  9.32  7.09
10    6.05  8.70  8.68   8.29  6.98  7.13   7.93  6.79  8.45   7.23  9.61  7.34

11    6.05  8.71  8.34   7.79  6.97  6.80   7.81  7.04  8.86   7.11 10.01  7.59
12    6.06  8.54  8.27   7.98  7.01  6.84   8.03  7.31  9.86   7.18 10.44  8.01
13    6.21  8.42  8.41   8.11  7.22  6.06   7.76  7.95  9.50   6.89 11.17  8.01
14    6.34  8.20  8.16   7.92  7.36  6.24   6.95  8.04  8.92   6.52 11.14  8.28
15    6.42  7.95  8.03   7.39  7.02  6.11   7.18  7.88  9.27   6.43 11.33  8.68

16    6.62  8.03  7.53   6.97  6.89  6.42   7.40  7.87  9.60   6.27 11.62  9.09
17    6.81  7.88  7.26   6.51  7.05  6.20   7.66  8.02  9.14   6.33 11.77  9.53
18    6.94  7.55  7.43   6.58  6.93  6.54   7.34  8.22  9.22   6.58 11.68  9.85
19    7.01  7.39  7.50   6.50  7.62  6.66   6.95  8.09  9.04   6.66 11.73  9.94
20    7.21  7.13  7.53   6.31  7.41  7.11   6.86  7.62  9.22   6.78 10.05  9.95

21    7.41  6.88  7.22   5.68  6.73  7.20   7.24  7.16  9.64   7.00 10.16 10.19
22    7.62  6.60  6.71   5.78  7.02  7.30   7.60  7.20  9.77   7.05 10.04  9.95
23    7.43  6.98  6.67   5.96  8.14  7.23   7.56  7.36  8.87   7.15  9.38  9.92
24    7.43  6.56  6.72   6.18  7.41  7.65   7.35  7.52  8.91   7.24  9.04  9.95
25    7.31  6.93  5.79   6.33  8.22  7.96   7.70  7.05  8.59   6.82  9.23 10.27

26    7.12  7.27  5.75   6.41  7.69  8.17   8.02  7.29  8.19   6.43  7.65  9.94
27    6.79  7.44  5.54   6.42  7.98  7.74   7.93  7.29  7.68   6.11  8.58  9.61
28    6.66  7.32  5.76   6.35  8.47  7.97   8.11  7.15  7.29   6.02  8.44  8.86
29    6.54  7.41  5.75   6.16  8.98  8.15   8.06  7.20  7.03   6.10  7.72  8.79
30    7.11        5.76   6.22  8.81  9.17   7.89  6.90  6.81   6.46  7.84  8.68

31    6.99        5.77         9.16         8.12  6.44         6.80        8.48
-------------------------------------------------------------------------------
Mean  6.62  7.64  7.30   6.90  7.37  7.58   8.01  7.34  8.24   6.71  9.40  8.58
-------------------------------------------------------------------------------
                                                       1948 Yearly Mean =  7.64
