2000                    CORONAL INDEX OF SOLAR ACTIVITY                    2000
Slovak Academy       Fill-Disk Fe Emission (530.3 nm)         Units=10**16 W/sr
===============================================================================
Day    Jan   Feb   Mar    Apr   May   Jun    Jul   Aug   Sep    Oct   Nov   Dec
-------------------------------------------------------------------------------
 1    5.64  6.86 11.01  11.52 10.07  8.10   7.61  9.25  8.51  11.14 11.56  8.64
 2    6.73  7.30 11.36  11.23 10.75  8.31   7.52  9.01  8.93  11.29 11.14  7.71
 3    7.19  8.01 11.40  11.00 11.38  7.90   7.48  8.72  9.91  11.07 11.13  8.19
 4    7.83  8.61 11.13  10.94 10.52  7.77   8.06  8.42 11.04  10.93 10.92  8.51
 5    8.29  8.90 11.62  10.87 10.93  7.90   8.54  8.42 10.54  10.81 10.44  8.46

 6    8.54  9.27 11.35  11.16 11.04  8.34   8.42  9.06 11.21  10.77 10.55  8.16
 7    8.20  9.58 11.42  11.90 12.58  9.57   8.88  9.63 10.61  10.57 10.58  8.52
 8    9.31 10.23 11.29  12.97 11.10 10.14   9.19  9.07  9.90  10.20  9.98  8.29
 9    8.76 10.24 11.13  13.69 12.43  9.87   9.21  9.35 11.04   9.35  9.80  8.39
10    8.61 10.38 10.78  14.30 12.08 10.15   9.08  9.35 11.14   8.93 10.07  8.47

11    7.77 10.59 10.39  14.56 11.98  9.88   9.82  9.80  9.23   8.67  8.99  8.87
12    8.22 11.25 10.55  14.47 12.14 10.36   9.49  9.70  9.04   8.29  9.20  8.65
13    7.62 11.48 10.93  14.51 11.74 11.60   9.57  9.36  9.93   8.42  9.41  8.77
14    8.11 11.86 10.75  14.83 11.03 11.81   9.32  8.74  9.88   8.43  9.26  9.25
15    7.80 11.29 10.26  13.97 12.20 10.36   8.89  9.13 10.35   7.52  8.76  9.72

16    7.90 10.99  9.51  12.72 10.46 10.49   8.61  8.14 10.12   7.90  8.50 10.17
17    7.98 10.86  9.72  12.51 11.24  9.75   8.90  7.51  9.75   8.10  8.25 10.51
18    8.41 12.07  9.35  11.76 11.10  9.83   9.80  7.93  9.30   8.13  8.37 10.43
19    8.62 12.19  9.43  12.12  9.61 10.01   8.58  7.93 10.27   8.35  8.42 10.50
20    8.60 12.58  8.91  11.85  9.77 10.29   8.24  7.27  9.10   8.07  8.42 10.79

21    8.15 13.05  8.58  11.94  9.90  9.23   8.33  7.30  9.28   7.60  8.30 11.02
22    8.19 13.70  8.77  10.51  9.04 10.02   8.45  7.69  8.69   9.55  8.23 11.36
23    8.64 13.94  9.28  10.01  9.96 10.21   8.60  7.15  9.15   9.40  8.22 11.03
24    9.21 14.81  9.41  10.05  9.63 10.07   8.77  8.21  9.24   9.65  8.56 10.78
25    9.47 14.31  9.71   9.46  8.74  9.43   8.38  7.33 10.18  10.00  8.88 10.96

26    8.54 13.75 10.44  10.05  9.31  8.78   8.31  6.40 10.30  10.17  8.60 11.07
27    7.62 12.92 10.23  11.36  9.66  8.30   8.69  6.94 10.52  10.39  8.48 10.95
28    7.36 12.21 10.66   9.94  9.70  8.35   8.83  7.86 10.60  11.69  8.39 10.63
29    7.74 11.35 10.95  10.69  9.78  8.15   8.96  8.06 11.21  10.95  8.21  9.89
30    7.36  0.00 11.78  10.30  8.05  7.87   8.88  8.42 10.76  11.24  8.90  9.54

31    7.07  0.00 11.46   0.00  7.69  0.00   8.81  8.67  0.00  11.48  0.00  9.39
-------------------------------------------------------------------------------
Mean  8.05 11.19 10.44  11.91 10.50  9.43   8.72  8.38  9.99   9.65  9.28  9.60
-------------------------------------------------------------------------------
                                                        2000 Yearly Mean = 9.74
