1975                    CORONAL INDEX OF SOLAR ACTIVITY                    1975
Slovak Academy       Fill-Disk Fe Emission (530.3 nm)         Units=10**16 W/sr
===============================================================================
Day    Jan   Feb   Mar    Apr   May   Jun    Jul   Aug   Sep    Oct   Nov   Dec
-------------------------------------------------------------------------------
 1    3.95  3.49  3.65   2.68  3.53  2.32   3.76  3.14  4.16   3.45  2.55  2.13
 2    3.82  3.63  3.60   2.64  3.36  2.35   3.55  3.22  4.03   3.69  2.24  2.21
 3    3.59  3.63  3.58   2.57  3.06  2.39   3.37  3.28  3.57   3.94  2.60  2.38
 4    3.40  3.63  3.56   2.60  2.78  2.46   3.09  3.35  3.94   4.19  2.24  2.53
 5    3.25  3.86  3.47   2.63  2.56  2.53   2.88  3.44  4.24   4.41  2.05  2.65

 6    3.13  3.73  3.39   2.70  2.46  2.59   2.75  3.57  4.59   5.46  2.15  2.75
 7    3.18  3.77  3.31   2.78  2.46  2.63   2.69  3.80  4.72   5.04  2.28  2.77
 8    3.24  3.79  3.06   2.90  2.47  2.67   2.59  4.03  4.64   4.77  2.27  2.75
 9    3.27  3.74  3.08   3.05  2.52  2.67   2.71  4.27  4.03   4.49  2.33  2.70
10    3.29  3.66  3.11   3.18  2.64  2.71   2.72  4.58  4.17   4.35  2.39  2.70

11    3.34  3.66  3.04   3.30  2.74  2.76   2.70  4.88  3.98   4.26  2.84  2.69
12    3.40  3.42  3.06   3.39  2.85  2.83   2.59  4.83  3.74   4.10  2.90  2.59
13    3.49  3.29  3.03   3.41  2.95  2.91   2.52  4.70  3.26   3.95  3.11  2.37
14    3.55  3.18  3.00   3.39  3.05  2.99   2.43  4.74  2.78   3.94  3.03  2.22
15    3.62  3.06  3.03   3.32  3.15  3.06   2.59  5.09  2.52   3.17  3.22  2.09

16    3.72  2.97  3.02   3.33  3.26  3.14   2.35  5.05  2.39   3.16  3.45  2.25
17    3.85  2.89  2.85   3.30  3.32  3.14   2.13  5.19  2.28   3.11  3.65  2.31
18    3.90  2.84  2.99   3.16  3.36  3.16   1.91  4.27  2.16   3.00  3.76  2.39
19    3.86  2.79  2.89   3.02  3.36  3.07   1.87  4.22  2.17   3.23  3.59  2.15
20    3.79  2.78  2.83   3.01  3.32  2.93   1.80  4.49  2.14   3.33  3.29  2.26

21    3.75  2.82  2.74   3.14  3.25  3.03   1.77  4.96  2.16   2.95  3.15  2.33
22    3.83  2.87  2.68   3.25  3.16  3.11   1.59  4.01  2.20   2.72  3.12  2.42
23    3.80  2.97  2.68   3.32  3.01  3.21   1.46  3.90  2.20   2.71  3.00  2.38
24    3.50  3.10  2.78   3.36  2.87  3.38   1.42  3.62  2.19   2.72  2.91  2.35
25    3.15  3.25  2.83   3.38  2.74  3.54   1.54  3.78  2.50   2.66  2.63  2.25

26    3.14  3.41  2.70   3.89  2.62  3.74   1.77  4.00  2.29   2.58  2.38  2.09
27    3.39  3.53  2.74   4.34  2.51  4.40   1.99  4.13  2.04   2.50  2.33  2.02
28    3.37  3.61  2.74   4.20  2.41  4.32   2.24  3.72  2.05   2.71  2.31  1.98
29    3.30  0.00  2.83   3.98  2.37  4.17   2.49  3.98  2.10   2.66  2.12  1.88
30    3.31  0.00  2.82   3.73  2.35  3.94   2.74  4.04  2.94   2.70  2.13  1.83

31    3.28  0.00  2.79   0.00  2.33  0.00   2.92  4.09  0.00   2.63  0.00  1.69
-------------------------------------------------------------------------------
Mean  3.50  3.33  3.03   3.23  2.87  3.07   2.42  4.14  3.07   3.50  2.73  2.33
-------------------------------------------------------------------------------
                                                        1975 Yearly Mean = 3.10
