1985                    CORONAL INDEX OF SOLAR ACTIVITY                    1985
Lomnicky Peak Sta     Full-Disk Fe XIV Emission (530.3 nm)    Units=10**16 W/sr
===============================================================================
Day   Jan   Feb   Mar    Apr   May   Jun    Jul   Aug   Sep    Oct   Nov   Dec
-------------------------------------------------------------------------------
 1    3.90  3.37  3.15   4.39  4.92  5.31   4.80  7.36  6.22   3.90  3.43  3.01
 2    3.25  3.51  3.23   3.78  7.11  4.95   4.75  7.04  6.15   4.14  3.28  2.94
 3    2.83  3.58  3.25   3.26  4.90  4.64   4.86  7.05  5.91   3.96  3.61  3.04
 4    2.61  3.60  2.97   3.46  4.42  4.18   4.82  7.10  6.42   3.71  3.20  3.14
 5    2.51  3.61  3.19   3.07  4.47  5.07   4.54  7.02  6.46   3.43  3.31  3.34

 6    2.42  3.68  3.31   2.97  4.75  4.12   4.59  7.76  5.53   3.92  3.41  4.51
 7    2.27  3.94  3.40   3.00  5.22  4.02   4.71  7.02  5.01   4.09  3.25  5.89
 8    2.85  4.13  3.40   3.11  5.13  3.79   5.27  7.04  4.68   4.41  3.45  5.47
 9    2.85  4.08  3.75   3.20  3.96  3.42   5.57  6.52  4.29   4.79  3.97  5.59
10    3.17  3.96  3.90   3.36  3.99  4.37   5.67  5.34  4.40   3.92  4.43  5.71

11    3.76  4.01  4.38   3.62  4.38  4.51   5.84  4.84  4.45   3.87  5.19  5.63
12    4.08  4.05  4.42   3.56  4.44  4.03   5.86  4.69  4.35   3.94  5.39  5.79
13    4.42  4.03  4.61   3.57  4.44  4.28   5.70  3.81  4.64   3.96  5.31  5.74
14    4.84  3.89  4.34   3.66  3.74  4.34   5.57  3.82  4.67   4.29  5.58  5.35
15    4.78  3.77  5.86   3.71  3.74  4.24   5.97  3.98  4.69   4.60  5.71  5.17

16    4.81  3.63  6.09   3.64  4.64  4.75   4.97  4.08  4.72   4.51  5.67  5.26
17    4.73  3.73  6.34   4.76  5.57  4.12   4.64  3.93  4.88   4.68  5.55  5.29
18    4.72  3.79  5.32   3.98  5.25  3.74   4.67  4.56  4.79   5.00  5.29  5.40
19    4.67  3.78  5.38   3.95  4.69  4.12   4.35  4.41  4.97   5.03  5.10  5.51
20    4.67  3.72  5.59   4.02  4.81  4.20   4.44  4.25  5.04   5.00  5.12  5.60

21    4.44  3.60  5.83   4.18  4.71  4.07   4.64  4.72  5.27   4.77  4.98  5.10
22    4.29  3.41  5.28   4.10  5.37  3.91   4.09  5.13  5.25   4.78  4.76  4.82
23    4.11  3.30  4.60   4.19  5.75  4.41   3.97  5.27  5.09   4.84  4.54  4.47
24    3.98  3.22  5.27   3.81  5.70  4.97   4.11  5.60  4.90   5.00  4.25  3.79
25    3.80  3.27  4.26   3.92  5.76  4.85   4.26  6.27  4.79   4.38  3.71  3.50

26    3.68  3.14  5.60   4.54  6.13  4.46   6.64  6.27  4.76   4.42  3.25  4.20
27    3.33  3.12  5.31   4.71  6.40  4.09   7.15  6.07  4.63   4.18  2.90  3.36
28    3.28  3.18  4.81   4.73  7.34  4.40   7.10  5.43  4.45   4.43  2.56  4.56
29    3.25        4.76   4.82  7.11  4.69   7.26  5.65  4.11   4.26  2.59  4.14
30    3.26        4.96   4.86  6.52  4.89   7.11  5.91  3.95   3.81  2.75  3.47

31    3.28        4.26         5.78         8.29  6.20         3.40        3.65
-------------------------------------------------------------------------------
Mean  3.70  3.65  4.54   3.86  5.20  4.36   5.36  5.62  4.98   4.30  4.18  4.59
-------------------------------------------------------------------------------
                                                        1985 Yearly Mean = 4.54
