1959                    CORONAL INDEX OF SOLAR ACTIVITY                    1959
Lomnicky Peak Sta     Full-Disk Fe XIV Emission (530.3 nm)    Units=10**16 W/sr
===============================================================================
Day   Jan   Feb   Mar    Apr   May   Jun    Jul   Aug   Sep    Oct   Nov   Dec
-------------------------------------------------------------------------------
 1    8.71 10.22  8.86   8.04  7.54  8.17   8.66  7.36  9.68  11.56  9.62 10.66
 2    9.03  9.46  8.74   8.56  9.07  7.77   8.80  8.59  8.35  12.14  9.45 10.23
 3    9.00  9.05  8.51   8.46  9.13  7.63   9.03  8.65  9.22  12.45  9.09 10.11
 4    8.86 10.29  8.32   9.17  9.50  7.15   9.13  8.89 10.10  12.41  9.04 10.28
 5    9.01  8.76  8.16   8.71  8.03  7.15   9.10 10.15  9.96  12.37  9.59 10.32

 6    8.81 10.44  8.74   8.95 10.23  7.10   8.67 10.51 10.40  11.61  9.08 10.74
 7    8.84 11.12  9.05   9.36 10.03  7.26   8.84 10.62  9.99  11.08  8.66 10.89
 8    9.11 11.14  9.31  10.25  9.83  6.78   9.09 11.08  9.89   9.45  8.79 10.61
 9    9.11  9.33  9.18   9.68  8.85  6.85   9.25  9.33  9.43  10.04  9.16 10.43
10    9.42 10.31  9.07   9.41  8.11  6.85   9.85  9.20  9.02   8.95  9.42 10.34

11    9.97  9.45  9.02   8.39  8.60  7.04   9.05 10.88  9.19   9.42  9.37  9.98
12    9.72  9.86  8.90   8.56  9.69  7.76   9.24  8.46  9.32   8.44  9.59  9.62
13   10.12 10.64  8.81   8.65  9.78  8.81   9.52  8.42  9.18   8.25  9.11  9.20
14   10.04  9.84  8.82   8.43  9.27  8.76   9.90  8.56  8.85   8.42  9.95  9.11
15    9.87  8.11  9.41   7.11  8.67  8.93   9.29  7.92  8.90   8.84  9.45  9.21

16   10.38  8.41  8.89   7.68  9.42  8.83   8.79  7.85  9.31   9.04  8.99  8.90
17   10.94  7.93  8.87   8.08  9.90  8.65   9.17  8.08  9.72   8.95  8.68  8.98
18   10.70  8.01  8.72   8.37 10.46  9.16   9.15  7.72 10.08   8.02  9.48  8.75
19   10.10  8.61  9.35   8.29 10.50  9.65   9.21  8.07 10.57   8.53 10.24  9.36
20    9.82  8.40  9.83   8.55 10.24  9.08   9.06  8.62 10.14   8.80 10.23  9.73

21    9.32  8.09 10.26   8.67  9.45  9.02   8.83  8.50 10.59   9.16  9.28  9.78
22    8.89  7.98  9.62   9.64  9.69  8.80   8.37  8.81 11.27   8.40  9.23  9.82
23    8.53  8.16  9.17  10.12  9.76  8.73   9.70  9.12 10.28   8.23 10.03  9.72
24    7.85  8.43  9.39   8.35  9.95  8.80   8.58  8.95 10.45   8.00 10.79  9.18
25    7.95  9.77 10.57   7.60 10.19  8.73   8.21  8.99 10.09   8.55 10.96  8.93

26    8.39  9.28 10.14   8.54 10.18  8.58   7.49  9.50  9.99   8.69 10.56  8.68
27    8.06  7.69  9.64   8.42  9.16  8.89   7.26  8.42 10.14   9.42 10.05  8.14
28    8.39  8.48  8.43   8.57  8.18  8.10   7.15  8.43 10.80   9.37 10.02  8.12
29    9.05        8.40   7.68  8.19  8.34   7.23  9.16 11.35   9.52 10.14  8.03
30    8.83        8.51   7.38  8.33  8.52   6.90  8.01 11.97   9.92 10.41  7.90

31    9.95        8.74         8.40         7.41  9.04         9.85        7.79
-------------------------------------------------------------------------------
Mean  9.25  9.19  9.08   8.59  9.30  8.20   8.71  8.90  9.94   9.61  9.62  9.47
-------------------------------------------------------------------------------
                                                       1959 Yearly Mean =  9.15
