1964                    CORONAL INDEX OF SOLAR ACTIVITY                    1964
Lomnicky Peak Sta     Full-Disk Fe XIV Emission (530.3 nm)    Units=10**16 W/sr
===============================================================================
Day   Jan   Feb   Mar    Apr   May   Jun    Jul   Aug   Sep    Oct   Nov   Dec
-------------------------------------------------------------------------------
 1    2.20  2.59  3.31   3.59  2.85  1.89   1.72  1.81  1.72   2.89  2.57  1.58
 2    2.51  2.69  3.65   3.78  3.42  2.07   1.59  1.86  1.58   2.68  2.41  1.53
 3    1.73  2.65  3.23   3.85  3.69  2.04   1.88  1.70  1.44   2.53  2.21  1.57
 4    2.19  2.69  2.68   3.38  3.20  2.25   1.93  1.90  1.41   2.37  2.00  1.53
 5    2.93  2.80  2.91   4.47  3.30  1.99   1.92  1.75  1.54   2.20  1.70  1.52

 6    2.84  2.98  3.11   3.91  4.73  1.71   1.84  1.75  1.69   1.89  1.40  1.49
 7    3.29  2.98  3.11   3.52  4.62  1.69   1.89  1.73  1.76   1.68  1.42  1.58
 8    3.49  3.05  3.20   3.37  4.28  2.32   2.22  1.66  1.82   1.58  1.65  1.47
 9    3.76  3.00  2.64   4.43  3.86  1.98   2.03  1.53  2.05   1.81  1.56  2.28
10    4.43  2.96  2.52   3.07  3.38  1.83   1.92  2.16  1.94   1.72  1.93  2.41

11    4.27  2.78  2.54   3.90  3.62  1.81   2.15  2.19  1.86   1.84  1.91  2.62
12    4.16  2.80  2.99   3.69  3.97  1.82   2.44  2.78  2.16   1.90  2.25  2.66
13    4.35  2.27  3.15   2.99  2.76  1.96   2.07  2.62  2.05   1.64  2.74  2.93
14    4.96  2.36  3.38   2.57  2.30  2.16   2.23  2.60  1.76   1.67  3.34  3.08
15    4.27  2.40  2.97   2.56  2.37  1.83   2.75  2.61  1.55   1.84  3.77  3.38

16    4.47  1.99  2.93   2.51  2.30  1.63   2.53  2.99  1.21   1.74  4.43  3.32
17    4.06  1.89  2.95   2.70  2.68  1.85   3.05  2.09  0.98   1.62  4.33  2.97
18    3.93  1.96  2.99   2.55  2.23  1.52   3.05  2.75  1.43   1.59  4.46  2.57
19    4.66  1.73  2.81   2.26  1.82  1.67   2.37  1.90  0.99   1.91  4.43  2.76
20    4.83  2.06  2.88   2.05  2.19  1.63   2.69  1.35  1.14   2.38  4.43  2.61

21    4.52  1.94  2.87   2.33  2.26  1.47   2.86  1.37  1.31   2.45  4.31  2.45
22    4.77  2.24  2.62   2.33  1.93  1.45   2.15  1.37  1.54   2.78  4.05  2.22
23    4.23  2.55  3.01   2.43  2.33  1.42   2.22  1.28  1.26   2.66  3.62  1.98
24    4.17  2.87  3.70   2.45  2.10  1.36   2.25  1.53  1.55   2.68  3.15  1.77
25    4.30  3.41  3.57   2.29  2.08  1.80   2.57  1.54  1.96   3.25  2.74  1.72

26    3.98  3.77  3.30   2.26  2.05  1.25   2.25  1.21  2.14   3.18  2.74  1.65
27    3.01  3.11  3.18   3.41  1.88  1.31   1.82  1.38  2.34   2.96  2.49  1.60
28    2.93  3.40  3.14   2.56  1.69  1.40   1.91  1.40  2.59   3.01  2.14  1.55
29    2.72  3.23  3.15   2.44  2.25  1.55   2.04  1.22  2.79   2.89  1.90  1.64
30    2.64        4.32   2.78  2.19  1.50   1.96  1.71  2.77   2.99  1.74  1.75

31    2.57        3.63         2.01         1.94  1.88         2.75        2.04
-------------------------------------------------------------------------------
Mean  3.62  2.84  3.12   3.10  2.78  1.81   2.20  1.86  1.81   2.29  2.89  2.14
-------------------------------------------------------------------------------
                                                        1964 Yearly Mean = 2.49
