1944                    CORONAL INDEX OF SOLAR ACTIVITY                    1944
Slovak Academy       Fill-Disk Fe Emission (530.3 nm)         Units=10**16 W/sr
===============================================================================
Day    Jan   Feb   Mar    Apr   May   Jun    Jul   Aug   Sep    Oct   Nov   Dec
-------------------------------------------------------------------------------
 1    0.81  2.91  0.67   1.46  0.09  0.05   0.48  0.91  1.35   3.74  3.30  3.54
 2    0.36  2.78  0.72   1.34  0.09  0.07   0.49  0.93  1.36   3.71  3.30  3.55
 3    0.38  2.63  0.81   1.24  0.09  0.08   0.50  0.94  1.37   3.68  3.31  3.55
 4    0.24  2.59  0.94   1.20  0.09  0.10   0.52  0.95  1.39   3.67  3.32  3.56
 5    0.22  2.42  1.05   1.16  0.09  0.11   0.53  0.96  1.40   3.87  3.33  3.56

 6    0.18  2.32  1.12   1.11  0.08  0.12   0.54  0.98  1.42   3.84  3.35  3.56
 7    0.34  2.34  1.15   1.06  0.08  0.14   0.56  0.99  1.43   3.68  3.34  3.57
 8    0.47  2.29  1.16   1.03  0.08  0.15   0.57  1.01  1.45   3.45  3.35  3.57
 9    0.71  2.25  1.14   0.98  0.07  0.17   0.58  1.02  1.47   3.25  3.36  3.57
10    0.90  2.23  1.11   0.94  0.07  0.18   0.60  1.03  1.49   3.06  3.37  3.57

11    0.97  2.21  1.12   0.88  0.06  0.19   0.61  1.04  1.45   2.91  3.38  3.58
12    1.08  2.17  1.17   0.83  0.06  0.20   0.63  1.06  1.36   2.68  3.39  3.59
13    1.40  2.15  1.18   0.78  0.06  0.22   0.64  1.08  1.23   2.54  3.39  3.59
14    1.42  2.14  1.17   0.75  0.05  0.23   0.65  1.09  1.19   2.49  3.40  3.59
15    2.07  2.09  1.13   0.70  0.04  0.24   0.67  1.10  1.19   2.56  3.41  3.59

16    2.44  2.07  1.15   0.66  0.04  0.26   0.68  1.11  1.21   2.62  3.42  3.59
17    2.38  2.07  1.17   0.60  0.04  0.28   0.69  1.13  1.11   2.71  3.43  3.60
18    3.42  2.09  1.23   0.56  0.03  0.29   0.71  1.14  1.01   2.84  3.44  3.61
19    3.94  2.01  1.30   0.52  0.03  0.31   0.72  1.15  0.90   3.03  3.44  3.61
20    3.81  1.95  1.43   0.47  0.02  0.32   0.73  1.17  0.93   3.15  3.45  3.61

21    4.76  1.80  1.63   0.43  0.02  0.34   0.74  1.18  0.89   3.19  3.46  3.63
22    5.01  1.73  1.92   0.38  0.06  0.35   0.76  1.19  0.94   3.20  3.47  3.70
23    5.00  1.62  2.23   0.33  0.06  0.37   0.78  1.20  1.00   3.21  3.48  3.64
24    4.86  1.46  2.51   0.28  0.05  0.38   0.79  1.22  1.20   3.22  3.48  3.49
25    4.48  1.16  2.65   0.24  0.05  0.40   0.81  1.23  1.49   3.23  3.49  3.40

26    4.05  0.99  2.64   0.20  0.05  0.41   0.82  1.25  1.78   3.24  3.50  3.34
27    3.99  0.84  2.53   0.17  0.05  0.42   0.84  1.26  2.02   3.25  3.51  3.32
28    3.65  0.73  2.35   0.14  0.09  0.44   0.86  1.28  2.45   3.26  3.52  3.20
29    3.59  0.68  2.12   0.11  0.04  0.45   0.88  1.29  3.01   3.27  3.53  2.94
30    3.08  0.00  1.85   0.10  0.03  0.47   0.89  1.31  3.46   3.28  3.53  2.86

31    3.08  0.00  1.61   0.00  0.04  0.00   0.90  1.33  0.00   3.29  0.00  2.95
-------------------------------------------------------------------------------
Mean  2.36  2.00  1.48   0.69  0.06  0.26   0.68  1.11  1.47   3.20  3.41  3.48
-------------------------------------------------------------------------------
                                                        1944 Yearly Mean = 1.68
