2004                    CORONAL INDEX OF SOLAR ACTIVITY                    2004
Slovac Academy          Full Disk Emission (530.3nm)          Units=10**16 W/sr
===============================================================================
Day    Jan   Feb   Mar    Apr   May   Jun    Jul   Aug   Sep    Oct   Nov   Dec
-------------------------------------------------------------------------------
 1    6.29  5.90  6.70   6.93  6.26  6.18   5.25  4.19  5.48  10.82  7.88  6.92
 2    6.35  6.33  6.83   6.48  6.55  5.79   4.84  4.09  6.68  10.72  7.71  6.48
 3    6.17  6.44  6.99   6.86  6.89  5.68   4.49  4.66  6.62  10.50  7.55  6.50
 4    6.11  6.45  7.02   7.09  5.99  5.57   4.37  5.13  6.11  10.10  7.70  6.56
 5    6.14  6.48  7.00   7.33  6.42  5.35   4.27  4.51  6.76   9.50  7.55  6.55

 6    5.67  6.74  7.09   7.18  6.53  5.01   4.86  4.91  6.60   9.29  7.33  6.74
 7    5.57  6.93  7.03   7.00  5.91  5.30   4.89  4.80  6.97   9.05  7.32  6.78
 8    6.06  7.05  6.89   6.42  5.76  5.19   5.25  5.77  7.50   7.55  7.22  6.62
 9    5.67  7.08  6.67   6.11  5.59  5.02   5.72  6.05  7.10   7.29  7.11  6.67
10    6.32  7.08  6.53   6.00  5.28  4.85   5.71  6.43  6.95   7.07  7.19  6.21

11    7.13  7.07  6.37   5.88  5.33  4.25   6.06  5.91  7.39   6.94  6.60  5.75
12    7.43  6.92  7.02   5.82  4.99  3.69   6.54  6.27  6.11   6.72  6.34  5.91
13    7.83  6.98  7.25   5.82  5.36  4.42   6.82  6.45  7.17   6.36  6.31  5.91
14    8.22  7.11  7.42   5.74  5.30  4.39   6.94  7.02  7.34   5.70  6.10  5.73
15    8.41  7.49  7.54   6.04  5.38  4.40   7.18  6.59  7.33   5.48  6.13  5.44

16    8.70  7.61  7.68   6.13  5.46  4.34   7.43  6.32  7.19   5.48  6.09  4.84
17    8.74  7.57  7.66   5.87  5.61  4.26   7.62  6.20  6.89   5.32  6.16  5.00
18    8.57  7.38  8.71   5.60  5.78  4.39   7.35  6.42  6.12   5.29  6.36  4.99
19    8.53  7.32  8.10   5.32  6.04  4.83   7.22  6.50  6.49   5.43  6.53  5.69
20    8.63  6.92  7.53   5.01  6.12  4.98   6.98  7.28  6.70   5.88  6.72  5.23

21    8.48  7.14  7.09   5.83  6.02  5.09   7.29  6.88  6.76   6.35  6.92  5.14
22    8.11  6.47  6.76   5.68  5.93  5.17   7.63  6.51  6.57   6.54  7.12  5.28
23    7.68  5.97  6.53   5.42  5.79  5.29   7.11  6.47  6.20   6.21  7.32  5.50
24    7.18  5.63  6.57   5.23  5.56  6.07   6.74  7.17  6.33   6.60  7.22  5.53
25    6.80  5.47  6.51   5.10  5.54  6.68   6.24  7.27  6.80   6.94  7.46  5.60

26    6.43  5.72  6.80   5.03  5.89  6.64   5.60  7.01  7.47   7.69  7.37  5.33
27    5.94  6.17  6.46   6.01  6.01  6.45   5.22  6.60  8.00   7.32  7.21  5.45
28    5.58  6.42  6.16   5.45  6.26  6.13   5.23  6.07  8.73   7.02  6.90  5.63
29    5.50  6.54  5.84   5.20  6.06  5.77   4.98  5.93  9.59   7.37  6.75  5.53
30    4.99  0.00  6.06   6.02  5.78  5.56   4.75  5.87 10.29   7.70  6.34  5.27

31    5.46  0.00  6.00   0.00  5.63  0.00   4.61  5.47  0.00   7.88  0.00  5.03
-------------------------------------------------------------------------------
Mean  6.93  6.71  6.93   5.99  5.84  5.22   5.97  6.02  7.07   7.36  6.95  5.80
-------------------------------------------------------------------------------
                                                        2004 Yearly Mean = 6.40
