2003                    CORONAL INDEX OF SOLAR ACTIVITY                    2003
Slovak Academy       Fill-Disk Fe Emission (530.3 nm)         Units=10**16 W/sr
===============================================================================
Day    Jan   Feb   Mar    Apr   May   Jun    Jul   Aug   Sep    Oct   Nov   Dec
-------------------------------------------------------------------------------
 1    7.78  8.81  6.84   8.32  4.33  5.91   5.87  4.63  5.61   7.32  6.34  6.92
 2    7.36  8.97  7.29   8.02  4.52  5.50   5.78  5.66  6.07   7.25  7.01  6.35
 3    7.16  8.74  7.61   7.28  4.44  5.99   6.08  5.23  5.61   7.26  7.24  5.49
 4    7.05  8.56  7.96   6.99  4.49  5.69   6.84  5.70  5.85   7.20  7.29  5.55
 5    7.44  8.24  8.64   6.61  4.28  6.24   7.17  5.33  5.79   7.08  6.30  5.13

 6    7.98  7.95  8.73   6.41  4.80  5.47   7.28  5.61  5.62   6.91  5.85  4.90
 7    7.19  8.24  8.09   6.42  5.42  5.62   7.16  5.99  5.71   6.75  5.88  5.07
 8    7.12  8.39  8.66   6.19  6.00  5.63   7.06  6.39  5.50   6.66  7.08  5.05
 9    7.16  8.53  8.36   5.15  5.60  6.16   7.23  5.77  5.34   6.42  6.47  4.07
10    7.23  8.81  8.07   4.93  5.37  5.58   7.04  5.60  5.73   6.19  5.66  4.47

11    8.07  9.24  7.87   4.72  5.50  5.90   6.88  5.06  5.60   5.91  5.05  4.34
12    8.12  9.11  7.46   4.45  5.67  5.51   6.34  5.25  5.46   5.66  5.13  4.36
13    6.91 10.10  6.89   4.47  5.26  6.07   5.87  5.54  5.51   5.47  5.87  4.35
14    6.98  9.93  6.63   4.25  5.43  5.68   5.48  5.54  5.37   5.60  5.65  4.44
15    7.28  9.76  6.21   3.81  5.45  5.29   5.48  5.26  5.61   5.54  5.63  4.48

16    7.59  9.09  5.79   4.05  5.41  5.89   5.22  5.16  6.13   5.37  4.92  4.97
17    7.86  8.50  5.37   4.00  5.97  5.92   5.48  4.97  5.90   5.14  5.07  6.43
18    8.33  6.22  4.95   4.27  6.10  6.37   5.43  5.06  5.82   5.08  5.19  6.16
19    8.82  6.13  4.61   4.70  6.59  6.11   5.47  5.27  6.48   5.15  5.67  6.18
20    8.69  5.67  4.51   5.23  6.81  5.66   5.28  5.47  5.87   5.31  5.58  6.62

21    8.93  5.13  4.55   5.94  6.89  5.52   5.50  5.57  6.45   5.41  5.70  6.83
22    8.47  4.20  4.75   6.32  7.09  5.60   5.62  5.57  6.49   5.43  5.73  7.19
23    8.14  4.28  4.80   6.84  7.99  6.01   5.81  4.97  6.17   5.53  5.84  7.36
24    7.67  4.19  4.75   6.93  7.49  5.85   5.94  4.23  6.43   5.83  6.11  6.80
25    7.62  4.48  4.93   6.83  7.54  5.15   6.02  4.76  6.82   6.01  6.79  6.89

26    7.45  5.11  6.08   6.75  7.39  5.14   5.41  4.62  6.16   6.20  6.63  7.27
27    7.38  5.54  6.52   6.45  7.13  5.28   5.35  5.24  6.61   6.34  6.58  7.22
28    7.21  6.51  6.72   5.83  6.98  5.54   5.55  5.47  6.59   6.44  6.66  7.18
29    7.64  0.00  6.79   5.11  7.45  5.94   5.36  4.97  6.71   6.96  6.61  6.99
30    8.06  0.00  6.48   4.53  6.98  6.06   5.05  5.13  6.93   6.72  6.86  6.93

31    8.53  0.00  6.68   0.00  6.38  0.00   4.89  5.55  0.00   6.34  0.00  6.58
-------------------------------------------------------------------------------
Mean  7.72  7.44  6.57   5.73  6.02  5.74   5.97  5.31  6.00   6.14  6.08  5.89
-------------------------------------------------------------------------------
                                                        2003 Yearly Mean = 6.21
