1960                    CORONAL INDEX OF SOLAR ACTIVITY                    1960
Slovak Academy       Fill-Disk Fe Emission (530.3 nm)         Units=10**16 W/sr
===============================================================================
Day    Jan   Feb   Mar    Apr   May   Jun    Jul   Aug   Sep    Oct   Nov   Dec
-------------------------------------------------------------------------------
 1   13.39 14.05 11.60  12.87 13.38 10.06  11.30  9.93 10.82  11.75  8.17  8.55
 2   12.50 14.14 10.86  14.01 13.67 10.61  11.09 10.31 11.32  12.15  8.89 10.30
 3   12.28 13.32 12.26  13.11 14.33 10.74  10.97 10.15 11.55  10.78  8.53 10.78
 4   13.14 13.48 12.22  11.74 14.65 10.80  12.35 11.14 11.36  10.41  8.98  9.70
 5   11.48 14.09 12.04  12.18 15.39 11.54  13.74 10.81 12.10  10.01  9.55  9.63

 6   12.11 14.53 11.72  12.91 14.93 11.00  13.40  9.93 12.71  10.04  9.73 10.38
 7   10.34 13.53 11.49  12.41 14.05 12.91  13.81 10.71 12.24   9.62  9.45 10.14
 8   11.54 13.42 11.84  13.39 13.01 14.04  13.65 10.96 12.10   9.62 10.04 10.54
 9   11.29 13.31 11.19  10.77 12.80 13.93  13.62 11.29 12.62   9.73 10.30 10.08
10   11.83 13.17 10.07  10.29 12.79 13.82  14.20 11.12 13.98   9.85 10.76  9.50

11   10.99 15.09  8.91  10.53 12.40 14.54  13.59 10.58 13.18  10.04 10.70  8.50
12   10.94 13.92  9.58  10.99 11.08 13.40  12.38  9.02 14.44  11.13 10.64  8.92
13   10.42 12.74  8.19  11.00 10.32 13.69  12.33 12.10 13.51  11.30 10.26  8.53
14   10.60 12.09  9.48  11.43  9.30 12.54  12.60 12.85 13.18  12.62  9.58  8.48
15   10.32 12.18  8.84  10.94  9.23 12.37  12.57 12.39 14.43  12.28  9.60  9.05

16    9.76 12.02  8.99  10.96  9.20 12.12  12.40 12.62 14.38  12.32  9.41  8.12
17    9.13 12.42  9.48  11.43  9.41 12.23  12.36 13.20 13.28  12.25  8.44  6.91
18    8.53 11.77 10.29  12.30  9.88 11.27  12.78 12.94 15.24  11.98  8.55  7.80
19    8.71 11.36  9.51  12.72 10.90 11.91  13.00 15.42 13.51  10.49  7.89  7.14
20    9.58 11.19 10.71  12.59  9.96 11.42  12.38 14.95 13.84  10.54  7.56  7.56

21   11.18 11.26 10.04  12.67 10.65 11.56  11.73 13.31 13.13   9.35  8.11  7.27
22   10.31 11.51 10.40  12.64 10.81 11.31  10.61 14.11 12.31   9.44  7.82  6.85
23   10.55 11.43 10.74  12.62 11.53 10.48  10.40 13.64 11.91   9.49  7.41  6.68
24   10.98 11.85 11.94  13.22 11.26 10.53  11.68 13.02 11.91   8.83  7.40  7.50
25   11.91 11.38 11.09  12.55 12.11 10.95  11.40 12.61 12.00   8.34  6.97  7.63

26   12.48 11.66 11.31  11.37 10.45 10.79  10.94 11.45 11.48   9.23  7.79  7.21
27   14.26 11.32 11.86  12.71 11.40 10.50  11.29 11.09 11.17   9.10  8.04  7.37
28   13.49 11.81 12.08  12.52 11.43 10.92  10.75 11.31 10.77   8.92  7.73  7.42
29   13.72 10.62 12.25  13.01 11.56 10.54  10.99 10.92 11.33   8.76  7.74  8.22
30   13.46  0.00 12.90  13.58 11.54 10.86  11.49 10.44 11.64   8.38  8.77  8.51

31   14.22  0.00 12.78   0.00 10.73  0.00  10.72 10.84  0.00   8.83  0.00  8.26
-------------------------------------------------------------------------------
Mean 11.47 12.64 10.86  12.18 11.75 11.78  12.15 11.78 12.58  10.24  8.83  8.50
-------------------------------------------------------------------------------
                                                        1960 Yearly Mean =11.22
