1956                    CORONAL INDEX OF SOLAR ACTIVITY                    1956
Slovak Academy       Fill-Disk Fe Emission (530.3 nm)         Units=10**16 W/sr
===============================================================================
Day    Jan   Feb   Mar    Apr   May   Jun    Jul   Aug   Sep    Oct   Nov   Dec
-------------------------------------------------------------------------------
 1    9.33 10.46  9.97   8.64 12.76 12.41  11.65 12.03 15.48  17.15 18.01 19.47
 2   10.08 10.60 10.59  10.54 13.62 11.87  11.97 13.16 16.08  16.50 18.11 19.28
 3   10.25 10.01 11.41  11.08 13.66 11.84  12.70 13.64 17.08  16.74 17.91 19.70
 4   10.14 10.71 11.94  10.83 13.71 12.38  13.58 15.14 17.35  19.15 18.40 19.43
 5   10.46  9.10 12.08  10.05 14.28 12.87  13.80 15.46 16.34  19.04 18.43 19.41

 6   10.34  9.31 12.15  10.74 14.27 12.38  14.17 15.43 17.60  17.86 18.62 19.80
 7   10.64  9.48 12.02  12.03 14.85 12.28  15.22 15.89 17.03  17.89 18.75 19.59
 8   11.03  9.67 12.45  13.39 15.77 12.07  15.78 16.65 17.53  17.63 19.08 19.32
 9   11.44  9.59 13.51  13.57 15.35 13.49  15.77 17.11 17.73  17.71 18.95 18.68
10   10.99  9.73 14.26  13.43 15.72 13.74  16.52 15.54 16.89  18.02 19.17 18.81

11   10.28 10.81 13.89  13.54 16.30 13.83  16.64 15.36 18.01  17.75 18.38 18.60
12   10.65 11.39 13.84  13.43 15.35 13.65  16.99 15.52 19.34  16.86 18.24 17.73
13   10.86 11.02 13.94  14.13 16.18 14.06  17.17 15.14 19.47  17.41 17.86 17.33
14   10.47 10.38 13.89  14.05 16.45 14.96  17.68 14.40 20.62  17.87 17.41 16.62
15   10.43 10.97 13.39  13.69 16.35 15.14  16.14 14.27 19.62  17.59 17.13 16.54

16    9.91 10.71 13.65  13.58 16.34 15.02  16.32 13.27 19.28  16.86 18.02 16.59
17    8.55 11.38 12.27  13.49 16.01 15.04  16.81 13.96 19.19  16.69 17.95 17.11
18    9.52 11.43 12.37  13.61 15.99 14.91  16.50 13.34 19.64  17.56 17.99 15.56
19    9.01 11.10 12.60  13.77 16.06 15.01  15.11 12.82 18.59  18.57 18.39 16.59
20    8.25 11.09 12.12  13.04 15.65 14.70  15.85 13.22 18.01  18.12 18.37 16.08

21    9.56 11.71 11.99  13.60 14.13 14.19  14.08 12.80 16.30  18.62 18.41 17.79
22   10.03 11.90 12.40  14.10 13.33 14.20  15.20 13.27 15.37  17.20 18.66 17.89
23   10.46 11.42 11.91  13.69 11.49 14.39  14.65 13.42 17.13  17.09 19.08 17.61
24   10.89 10.49 12.34  13.02 12.70 13.65  14.04 13.08 16.97  18.20 19.00 18.13
25   10.70  9.71 12.72  12.72 12.24 13.42  12.47 13.30 16.51  18.71 19.32 18.74

26   10.62 10.02 11.08  12.31 12.11 12.57  11.74 15.48 16.02  17.12 19.59 19.33
27   10.92 10.35 11.38  12.29 10.86 12.25  11.37 14.98 13.79  18.49 20.16 19.98
28   10.63 10.48 11.51  12.94 11.99 12.51  11.73 14.87 15.30  16.12 20.11 19.66
29   10.84  9.87 10.72  12.48 12.22 11.66  11.26 15.68 16.93  17.41 20.06 18.92
30   10.54  0.00 10.07  12.23 13.07 11.51  11.69 15.70 16.73  18.12 19.64 19.91

31   10.46  0.00  9.35   0.00 12.49  0.00  11.94 15.53  0.00  18.79  0.00 19.94
-------------------------------------------------------------------------------
Mean 10.27 10.54 12.19  12.67 14.24 13.40  14.40 14.50 17.40  17.70 18.64 18.39
-------------------------------------------------------------------------------
                                                        1956 Yearly Mean =14.55
