1992                    CORONAL INDEX OF SOLAR ACTIVITY                    1992
Slovak Academy       Fill-Disk Fe Emission (530.3 nm)         Units=10**16 W/sr
===============================================================================
Day    Jan   Feb   Mar    Apr   May   Jun    Jul   Aug   Sep    Oct   Nov   Dec
-------------------------------------------------------------------------------
 1   16.04 14.26 14.23  13.62 12.18  9.58   8.45  8.48  8.79   8.36  8.88 10.68
 2   15.91 13.08 14.33  12.60 12.06  9.58   8.39  9.18  9.00   8.91  8.33  8.88
 3   16.99 12.76 14.26  13.28 11.63  9.94   8.81  9.17  8.93   9.17  8.49  9.84
 4   17.90 13.02 14.12  12.97 11.19  9.98   8.86 10.10  8.79   9.03  8.13  9.61
 5   17.22 12.74 14.25  12.62 10.94  9.75   9.51 10.36  8.55   8.85  8.43  9.49

 6   16.18 12.82 14.32  12.38 10.41 10.20  11.20 10.15  8.75   9.03  8.33  9.63
 7   15.46 12.87 13.88  12.11 11.19 11.12  11.57 10.95  8.41   9.18  8.31 10.20
 8   14.96 13.25 13.86  11.45 11.55  9.91  11.63 11.16  8.47   9.38  8.22  9.45
 9   14.92 14.08 13.77  11.86 12.00 11.21  10.66  9.92  8.43   8.86  9.49  9.53
10   14.78 14.64 13.92  11.53 12.43 11.86  11.44 10.38  8.69   8.57  8.50  9.04

11   14.02 13.64 13.81  11.53 12.98 11.32  11.41 10.36  9.03   8.44  9.71 10.20
12   13.34 12.66 13.40  12.08 12.83 11.63  11.41 10.17  8.63   8.59  8.66 10.66
13   12.98 12.85 12.65  12.68 13.65 12.06  10.93 10.89  8.26   8.42  8.81 10.69
14   12.71 13.01 12.80  12.77 14.02 11.56  10.65 11.28  8.55   8.21  8.94 11.20
15   11.93 12.81 13.00  13.08 14.30 11.24  10.30 10.26  8.59   8.28  8.91 11.10

16   11.98 12.24 13.68  13.26 13.22 10.50  10.38  9.84  9.04   7.99  8.91  9.69
17   11.60 11.66 13.91  13.77 14.07 10.49   9.97  9.42  9.64   7.89  9.21 12.00
18   12.00 12.02 14.26  14.11 13.51 10.47  10.14  9.10  9.49   7.80  9.69 11.86
19   11.98 12.76 13.79  15.23 13.83 10.54  10.08  9.61  9.32   7.79  9.31 11.35
20   11.93 13.22 14.65  14.49 13.45 10.21   9.08  8.40  9.53   7.65  9.11 11.28

21   12.41 13.59 14.65  13.93 13.39  9.67   9.09  7.60  8.81   7.76  8.88 10.81
22   13.04 13.64 14.93  13.42 12.50  9.31   7.74  7.49  8.80   8.24  9.40 10.62
23   12.68 13.92 14.52  13.09 12.35  9.08   7.30  8.06  9.25   8.79  9.83 11.10
24   14.82 14.30 14.06  13.33 11.52  8.44   7.12  7.76  8.18   9.24 10.19 10.73
25   14.54 14.68 13.44  12.60 12.92  8.21   7.14  7.67  7.16   9.54  9.71 10.66

26   15.49 14.67 13.18  13.21 10.50  7.89   7.02  7.68  7.95   9.68  9.20  9.97
27   15.75 14.78 12.59  13.01 10.36  7.45   7.24  7.50  8.34  10.06  9.44 10.04
28   15.60 13.83 12.56  12.93 10.29  7.48   7.08  7.59  8.76  10.04  9.71 10.27
29   15.66 14.20 12.69  12.55  9.72  7.56   7.79  8.26  8.53   9.72  9.76  9.88
30   15.38  0.00 13.00  12.60  9.39  7.95   8.11  7.66  8.30   9.31  9.55  9.87

31   15.22  0.00 14.11   0.00  9.68  0.00   8.19  8.87  0.00   9.07  0.00  9.84
-------------------------------------------------------------------------------
Mean 14.37 13.35 13.76  12.94 12.07  9.87   9.31  9.20  8.70   8.77  9.07 10.33
-------------------------------------------------------------------------------
                                                        1992 Yearly Mean =10.97
