1951                    CORONAL INDEX OF SOLAR ACTIVITY                    1951
Slovak Academy       Fill-Disk Fe Emission (530.3 nm)         Units=10**16 W/sr
===============================================================================
Day    Jan   Feb   Mar    Apr   May   Jun    Jul   Aug   Sep    Oct   Nov   Dec
-------------------------------------------------------------------------------
 1    8.13  8.58  6.33   8.09  7.01  6.19   5.97  6.44  8.85   8.88  8.15  8.84
 2    7.90  8.70  6.15   7.85  6.73  6.25   5.05  7.86  9.03   8.93  8.92  8.61
 3    7.69  8.27  6.11   7.62  7.05  6.38   5.61  7.53  9.35   8.92  9.77  8.86
 4    8.11  7.82  6.02   7.68  6.77  6.59   5.98  8.51  8.41   8.67 10.78  8.26
 5    8.40  8.09  5.88   7.41  6.31  6.84   6.01  8.04  8.44   9.14 10.68  7.98

 6    8.73  8.28  5.60   7.21  6.19  6.96   5.98  7.77  7.79   9.97  9.85  8.24
 7    8.90  8.19  5.47   7.01  6.57  7.09   6.43  8.86  8.11   9.91 10.25  6.86
 8    8.45  7.50  5.21   6.57  6.89  7.02   5.96  8.85  7.15   9.81 11.13  6.83
 9    8.36  7.26  5.47   6.72  7.39  7.24   6.60  8.05  7.71   9.58 11.51  6.57
10    8.74  7.03  5.03   6.74  6.72  7.43   7.47  7.37  7.09   8.97  9.62  6.44

11    8.37  7.31  4.93   6.70  7.04  8.01   7.94  7.72  6.48   8.91  9.36  6.16
12    7.72  7.50  4.92   6.68  6.18  9.19   8.09  7.62  6.61   9.21  9.01  7.05
13    7.47  6.35  4.98   6.78  6.62  9.11   7.95  7.79  6.37   9.17  9.09  6.18
14    6.42  6.78  5.01   6.10  7.11  9.60   7.67  7.52  6.18   9.42  8.84  8.27
15    7.92  6.34  5.39   6.76  7.62  9.00   7.66  6.95  6.69   9.29  8.72  8.91

16    7.49  6.79  6.07   5.91  8.24  9.30   8.33  6.33  6.83   8.77  8.04  8.42
17    7.87  7.56  6.37   6.74  9.48  9.27   7.40  6.75  6.36   9.18  7.77  9.05
18    7.83  7.07  6.48   7.63 10.32  9.38   7.24  6.17  6.05   8.98  7.52  9.78
19    7.93  6.76  6.89   7.77 11.03  8.43   6.82  6.25  6.45  10.80  7.48 10.61
20    7.74  7.03  7.01   7.96 11.47  8.58   6.58  6.59  6.35   9.85  7.13 10.92

21    8.99  6.84  7.28   8.64 11.58  7.03   6.23  5.73  7.61   9.26  7.55  9.68
22    8.22  6.95  7.58   8.58 11.74  7.05   6.63  5.99  7.13   9.18  7.41  8.96
23    7.77  6.80  7.46   9.11 11.60  6.54   6.17  6.20  6.70   9.18  7.21  9.35
24    7.81  6.37  6.82   9.56 10.71  6.11   6.05  7.09  6.72   8.84  6.90  9.17
25    8.05  6.28  7.99   7.99  9.71  5.30   5.69  7.31  7.90  12.35  7.10  9.75

26    7.67  6.13  7.33   7.92  9.00  4.97   5.42  7.46  7.88   9.22  7.35  9.07
27    7.86  6.18  7.50   7.84  8.29  4.87   5.97  7.79  8.40   8.73  7.95  8.59
28    7.88  6.25  7.67   8.00  7.70  5.31   6.17  8.33  7.77   8.22  7.89  8.47
29    7.86  0.00  7.91   7.51  7.07  4.98   6.79  8.46  7.77   8.35  7.94  8.18
30    8.17  0.00  7.75   7.24  6.61  5.63   6.27  9.17  8.50   9.56  8.32  7.82

31    8.44  0.00  8.17   0.00  6.45  0.00   6.37  8.69  0.00   9.65  0.00  8.06
-------------------------------------------------------------------------------
Mean  8.03  7.18  6.41   7.48  8.17  7.19   6.60  7.46  7.42   9.32  8.64  8.39
-------------------------------------------------------------------------------
                                                        1951 Yearly Mean = 7.69
