1968                    CORONAL INDEX OF SOLAR ACTIVITY                    1968
Lomnicky Peak Sta     Full-Disk Fe XIV Emission (530.3 nm)    Units=10**16 W/sr
===============================================================================
Day   Jan   Feb   Mar    Apr   May   Jun    Jul   Aug   Sep    Oct   Nov   Dec
-------------------------------------------------------------------------------
 1   16.26 15.78 14.75  12.99 10.50 10.65  10.84 11.39 10.84  12.43 17.14 12.35
 2   16.66 15.39 14.89  13.72  9.95 10.61  10.62 10.49 10.59  12.19 15.46 12.45
 3   15.30 15.83 14.78  13.95  9.26 11.02  10.71  9.99 11.00  11.90 15.69 12.14
 4   14.15 16.24 13.58  11.92  9.33 11.05  10.04 11.23 11.16  11.63 13.81 11.57
 5   15.39 15.68 15.28  10.77  8.92 11.78   9.61 11.66 11.23  12.53 13.25 11.28

 6   15.14 14.48 13.99  10.43  8.92 11.75   9.38 11.92 12.62  13.81 12.51  9.48
 7   15.18 15.41 12.52  10.48  9.13 12.52   9.80 13.42 12.05  12.90 12.58 10.92
 8   13.76 15.63 12.30  11.05  9.12 11.70   8.40 13.66 12.29  13.57 11.66 11.95
 9   12.88 15.39 12.18  11.34  9.22 12.40   9.04 14.24 13.08  13.31 11.40 11.67
10   12.15 15.10 12.66  11.27  9.52 12.01   7.70 15.29 12.56  13.27 11.00 10.94

11   15.79 14.20 13.56  11.17  8.69 12.62   9.07 14.84 12.32  13.64 11.10 12.26
12   15.12 13.52 13.42  11.15  9.10 10.71   9.06 13.39 13.33  13.84 10.71 11.74
13   15.71 14.59 12.85  11.48  9.50 11.68   9.19 16.05 12.89  13.18 11.21 12.62
14   15.95 15.40 13.27  11.74  9.32 11.97   9.57 15.65 12.32  13.39 10.92 13.25
15   16.29 14.01 12.25  11.23  9.41 11.98  10.18 14.14 13.06  12.65 10.56 12.31

16   16.63 13.56 12.18  11.64  9.13 11.58  10.23 12.97 11.80  12.80 10.46 12.58
17   17.91 13.24 12.45  11.15  8.90 10.91  11.08 11.96 13.23  12.38 10.27 13.06
18   17.14 12.12 14.73  10.56  9.21 11.22  11.25 11.47 14.16  13.59 10.19 13.67
19   15.41 12.57 13.42  10.54  9.41 11.93  11.35 11.89 12.60  13.58 10.23 14.04
20   14.20 12.81 13.17  10.88  9.53 11.88  11.73 11.99 11.71  14.16 10.40 14.16

21   13.98 12.51 12.57  10.53  9.65 11.52  11.69 10.36 12.46  13.71 10.62 13.68
22   13.93 12.55 12.64  10.78  9.82 11.83  11.16 10.41 12.33  13.30 11.27 15.28
23   13.63 12.62 12.75  10.52 10.39 11.48  11.09 10.32 13.61  13.57 11.85 14.86
24   13.64 12.50 13.48  10.52  9.97 12.44  11.06 10.40 12.90  15.38 12.05 14.88
25   13.93 12.97 11.97  11.43 10.25 12.13  11.24 10.45 12.09  15.59 12.09 14.50

26   14.31 13.53 10.84  12.03 10.68 11.92  11.99 10.14 12.65  15.40 12.28 14.17
27   14.37 13.37 11.78  11.10 10.89 11.67  11.60  9.83 13.10  15.08 12.94 13.72
28   14.60 14.41 13.57  11.19 10.95 11.50  10.07  9.28 12.32  16.02 14.21 13.44
29   14.77 14.92 13.23  11.01 11.01 11.07  10.45  9.11 13.66  17.45 14.03 12.97
30   15.21       13.32  10.88 10.02 11.11  10.32  9.89 12.96  17.58 12.28 12.64

31   15.30       13.78         9.75        10.23 10.64        17.01       11.48
-------------------------------------------------------------------------------
Mean 14.99 14.20 13.17  11.77  9.66 11.95  10.32 11.91 12.79  13.90 12.71 12.78
-------------------------------------------------------------------------------
                                                        1968 Yearly Mean =12.36
