1991                    CORONAL INDEX OF SOLAR ACTIVITY                    1991
Slovak Academy       Fill-Disk Fe Emission (530.3 nm)         Units=10**16 W/sr
===============================================================================
Day    Jan   Feb   Mar    Apr   May   Jun    Jul   Aug   Sep    Oct   Nov   Dec
-------------------------------------------------------------------------------
 1   17.80 15.75 15.41  13.23 13.40 15.52  17.06 17.55 12.95  12.70 12.37 14.23
 2   17.30 15.85 15.42  13.03 13.79 15.13  17.05 17.39 12.49  13.18 12.36 13.66
 3   16.07 15.09 15.66  14.09 13.86 16.44  17.18 17.17 12.91  13.41 13.24 13.36
 4   16.26 15.43 15.53  14.42 15.27 15.74  17.43 16.61 13.55  13.67 13.79 13.12
 5   16.41 15.67 15.59  14.29 14.84 15.69  17.46 16.13 13.55  14.30 13.82 13.13

 6   16.08 15.65 14.76  14.30 15.47 15.49  17.11 15.67 13.87  14.84 13.64 13.15
 7   16.15 15.38 14.18  15.28 15.64 16.17  15.97 14.97 14.19  15.35 14.00 12.85
 8   15.44 14.81 13.69  15.27 15.56 15.49  14.89 14.86 14.96  15.55 14.34 12.80
 9   15.15 14.79 13.31  16.39 15.59 15.70  14.54 14.85 15.72  15.84 14.53 12.64
10   14.80 14.79 13.07  16.66 15.99 15.26  14.53 14.81 16.47  16.04 14.50 12.62

11   14.39 13.68 13.35  17.13 15.55 14.67  14.26 15.81 15.06  15.43 14.52 12.99
12   13.29 12.89 13.74  17.69 15.99 14.09  13.34 16.15 15.58  15.79 14.37 12.76
13   13.63 12.44 15.05  18.70 16.13 13.66  13.58 15.42 15.98  15.21 14.19 11.75
14   12.24 12.47 16.23  18.14 15.99 13.79  13.81 16.42 16.13  14.44 14.05 12.21
15   13.21 13.61 16.80  18.50 15.02 13.51  14.34 16.47 15.08  15.07 13.95 12.38

16   13.00 14.03 17.63  17.81 14.38 12.72  14.57 16.50 16.56  14.85 13.98 12.61
17   13.06 14.25 17.37  18.46 13.94 12.33  14.66 17.14 16.10  15.00 13.80 12.37
18   13.78 14.35 16.48  17.42 14.19 12.61  14.86 15.85 16.79  15.04 13.05 11.91
19   14.73 15.04 16.50  16.41 14.17 12.99  15.78 15.86 18.35  14.89 12.32 11.47
20   14.26 15.24 16.11  15.16 13.53 13.52  15.79 15.70 18.25  15.14 11.74 11.11

21   15.37 16.59 15.32  15.19 12.56 13.05  16.23 15.08 17.83  16.41 11.60 10.63
22   17.38 16.18 14.85  14.58 12.24 13.16  16.46 15.40 18.55  15.79 11.35 10.56
23   16.05 15.96 13.19  16.20 12.59 13.53  17.13 15.68 17.63  14.82 10.35 10.66
24   16.15 15.95 12.81  14.02 12.89 14.70  17.74 16.18 16.64  14.01 10.27 11.11
25   17.04 16.77 13.54  13.34 12.87 15.04  18.38 15.99 17.26  13.04 11.19 11.37

26   16.34 15.46 13.28  13.66 13.10 15.52  17.60 16.04 14.31  12.93 11.87 11.69
27   17.50 15.79 12.51  14.22 12.84 16.03  17.86 15.20 14.02  12.53 12.65 12.06
28   18.05 15.89 12.81  13.73 14.02 16.32  17.62 15.55 12.84  11.58 13.02 13.40
29   15.76  0.00 12.91  13.50 14.95 16.54  18.85 14.89 12.94  11.94 13.08 15.01
30   15.73  0.00 13.39  13.10 14.91 17.26  18.67 14.83 12.60  11.89 13.20 16.23

31   16.11  0.00 13.15   0.00 14.47  0.00  18.35 13.34  0.00  11.06  0.00 15.95
-------------------------------------------------------------------------------
Mean 15.44 14.99 14.63  15.46 14.38 14.72  16.23 15.79 15.31  14.25 13.04 12.64
-------------------------------------------------------------------------------
                                                        1991 Yearly Mean =14.74
