1997                    CORONAL INDEX OF SOLAR ACTIVITY                    1997
Slovak Academy       Fill-Disk Fe Emission (530.3 nm)         Units=10**16 W/sr
===============================================================================
Day    Jan   Feb   Mar    Apr   May   Jun    Jul   Aug   Sep    Oct   Nov   Dec
-------------------------------------------------------------------------------
 1    2.75  2.00  1.96   2.46  2.35  2.97   2.87  2.53  3.59   4.63  4.41  5.10
 2    2.84  1.94  1.88   2.79  2.38  2.90   2.74  2.41  3.48   4.60  4.03  5.32
 3    2.86  1.85  2.01   2.99  2.36  2.87   2.59  2.48  3.47   4.55  4.59  5.49
 4    2.64  1.79  2.24   3.17  2.48  2.84   2.41  2.25  3.73   4.62  4.59  5.67
 5    2.68  1.93  2.23   3.30  2.43  2.87   2.76  2.31  3.83   4.43  4.75  5.59

 6    3.08  2.22  2.73   3.36  2.42  2.73   2.67  2.26  3.80   4.73  4.70  5.26
 7    2.86  2.36  2.72   3.35  2.18  2.60   2.49  2.24  3.61   3.76  4.64  5.21
 8    3.04  2.30  2.50   3.07  2.18  2.49   2.46  2.02  3.39   3.91  4.51  5.09
 9    3.22  2.54  2.59   3.20  2.19  2.70   2.45  2.53  3.49   4.12  4.43  5.02
10    3.62  2.52  2.63   3.10  2.18  2.71   2.35  2.25  3.48   4.50  4.10  4.97

11    3.59  2.57  2.31   2.97  1.76  2.44   2.27  2.54  3.63   4.43  3.82  4.77
12    3.87  2.52  2.33   2.81  1.85  2.04   2.02  2.56  3.75   4.29  4.21  4.52
13    3.41  2.49  2.33   2.65  1.95  1.99   2.04  2.64  3.70   4.20  3.93  4.29
14    3.19  2.40  1.97   2.33  2.13  1.98   2.16  2.67  3.70   4.28  3.89  4.21
15    2.89  2.48  2.28   2.46  1.99  2.02   2.31  2.79  4.16   4.47  3.86  4.36

16    3.05  2.43  2.33   2.29  1.89  1.97   2.22  2.66  3.81   4.46  3.94  4.29
17    2.48  1.94  2.33   2.10  1.89  2.21   2.16  2.55  4.08   4.60  4.02  4.10
18    2.67  1.89  2.29   1.97  2.05  2.31   2.12  2.54  4.05   4.33  4.16  4.15
19    2.04  1.97  2.19   1.84  2.23  2.60   2.13  2.58  3.95   3.99  4.17  4.25
20    1.96  1.98  2.00   1.74  2.37  2.99   2.23  2.72  4.21   4.10  4.43  4.31

21    1.80  1.97  2.00   1.63  2.39  3.23   2.29  2.76  4.65   4.07  4.68  4.36
22    1.74  2.04  1.96   1.70  2.62  3.33   1.95  2.58  4.26   4.16  4.90  4.35
23    1.69  2.24  1.97   1.81  2.77  3.54   2.02  2.86  4.16   4.41  5.09  4.45
24    1.55  2.14  1.98   1.95  2.90  3.50   2.11  3.04  4.23   3.46  5.22  4.54
25    1.61  2.08  2.03   1.88  2.99  3.57   2.19  2.97  4.17   3.31  5.21  4.44

26    1.90  1.89  2.10   1.84  3.06  3.59   2.30  3.27  4.11   3.57  5.56  4.23
27    1.76  1.80  2.04   1.77  3.12  3.27   2.38  3.13  4.19   3.50  5.52  4.38
28    1.72  1.85  2.08   2.01  3.13  2.80   2.38  2.92  3.91   3.74  5.41  5.09
29    1.54  0.00  2.16   2.22  3.13  2.91   2.42  3.02  3.80   3.91  5.37  5.13
30    1.33  0.00  2.20   2.42  3.09  2.90   2.50  3.05  4.73   3.97  5.17  5.16

31    1.85  0.00  2.31   0.00  3.06  0.00   2.57  3.09  0.00   4.26  0.00  5.03
-------------------------------------------------------------------------------
Mean  2.49  2.15  2.22   2.44  2.44  2.76   2.34  2.65  3.90   4.17  4.58  4.75
-------------------------------------------------------------------------------
                                                        1997 Yearly Mean = 3.08
