1955                    CORONAL INDEX OF SOLAR ACTIVITY                    1955
Lomnicky Peak Sta     Full-Disk Fe XIV Emission (530.3 nm)    Units=10**16 W/sr
===============================================================================
Day   Jan   Feb   Mar    Apr   May   Jun    Jul   Aug   Sep    Oct   Nov   Dec
-------------------------------------------------------------------------------
 1    2.28  3.34  3.48   2.90  3.59  2.99   3.92  2.89  3.21   3.93  4.87  5.68
 2    2.51  3.24  3.65   3.02  3.54  2.98   4.18  3.13  3.37   4.31  4.88  5.54
 3    2.60  3.36  3.47   3.22  3.62  2.96   4.01  3.25  3.70   4.40  4.91  6.04
 4    2.66  3.49  3.34   2.78  3.59  2.91   3.94  3.24  3.62   4.56  4.82  6.10
 5    2.69  3.66  3.58   2.44  3.60  2.84   3.86  3.66  3.60   4.93  4.58  6.37

 6    2.64  3.72  3.38   2.49  3.50  2.72   4.39  3.79  3.67   5.12  4.38  6.18
 7    2.70  3.75  3.13   2.48  3.53  2.75   4.19  4.02  3.77   5.18  4.00  6.42
 8    2.80  3.80  3.11   2.43  3.38  2.99   4.49  4.07  3.84   5.40  4.27  6.22
 9    3.08  3.85  2.89   2.31  3.23  3.19   4.83  3.74  3.77   5.08  4.04  6.92
10    3.22  3.88  2.86   2.17  3.12  3.77   4.98  3.63  3.62   5.00  3.81  7.11

11    3.27  3.92  2.83   2.06  3.07  4.54   5.15  4.05  3.51   4.85  3.82  7.38
12    3.24  3.64  2.65   1.90  2.75  4.99   5.17  3.92  3.45   4.26  3.88  7.63
13    3.33  3.55  2.55   1.95  2.53  4.89   5.14  4.06  3.37   4.17  4.09  6.95
14    3.51  3.44  2.51   2.08  2.50  5.32   4.81  3.55  3.24   3.94  4.41  6.69
15    3.51  3.31  2.47   2.18  2.46  5.63   4.58  3.35  3.35   3.57  4.16  7.56

16    3.43  3.17  2.61   2.36  2.47  6.11   4.42  3.14  3.15   3.22  4.48  7.54
17    3.31  3.08  2.51   2.53  2.43  6.52   4.70  3.22  3.18   3.01  4.96  7.10
18    3.17  2.98  2.43   2.65  2.34  7.08   4.01  2.78  3.15   2.92  5.36  6.72
19    3.09  2.97  2.93   2.79  2.32  6.63   3.88  2.46  3.13   2.97  5.59  5.36
20    3.15  2.98  2.69   2.91  2.36  7.33   3.62  2.21  3.19   2.89  5.64  5.49

21    2.92  3.03  2.84   2.92  2.42  7.62   3.56  2.20  3.34   2.81  5.32  5.49
22    2.71  3.12  3.03   3.01  2.83  7.67   3.41  2.03  3.06   2.86  5.09  5.31
23    2.57  3.23  3.03   3.13  2.95  7.69   2.86  1.86  3.16   3.00  5.06  4.43
24    2.51  3.35  2.88   3.27  3.06  7.98   2.63  1.79  3.11   3.16  4.83  4.39
25    2.85  3.46  3.15   3.44  3.12  5.64   2.46  1.88  3.09   3.36  4.79  4.38

26    3.04  3.41  2.92   3.62  3.09  6.69   2.29  2.07  3.49   3.59  4.72  4.48
27    3.07  3.52  3.02   3.73  3.10  5.98   2.30  2.34  3.56   3.71  4.83  4.63
28    3.14  3.53  3.24   3.82  3.19  5.26   2.41  2.53  3.57   4.01  5.09  5.13
29    3.21        3.20   3.76  3.04  4.56   2.39  2.63  3.59   4.44  5.43  5.00
30    3.28        3.01   3.64  3.06  5.64   2.57  2.74  3.88   4.76  5.43  5.21

31    3.49        3.01         3.02         2.81  2.99         4.89        5.38
-------------------------------------------------------------------------------
Mean  3.00  3.42  2.98   2.80  2.99  5.13   3.81  3.01  3.42   4.01  4.72  5.96
-------------------------------------------------------------------------------
                                                       1955 Yearly Mean =  3.77
