1988                    CORONAL INDEX OF SOLAR ACTIVITY                    1988
Slovak Academy       Fill-Disk Fe Emission (530.3 nm)         Units=10**16 W/sr
===============================================================================
Day    Jan   Feb   Mar    Apr   May   Jun    Jul   Aug   Sep    Oct   Nov   Dec
-------------------------------------------------------------------------------
 1    5.29  7.50  7.93  10.00  9.18 10.21  12.24 15.20 13.72  15.99 14.66 11.05
 2    5.59  7.67  8.57  10.75  8.38 10.33  12.35 14.73 14.22  15.83 14.39 10.90
 3    6.04  8.06  9.75   9.03  9.78 10.50  13.03 14.41 14.39  14.74 14.10 10.76
 4    6.30  8.16  9.70   9.26  9.61 10.99  12.72 13.85 13.69  14.43 14.28 11.00
 5    6.37  8.54  8.57   8.64  9.44 10.15  12.28 13.89 13.61  14.47 14.35 11.27

 6    6.58  8.57  8.83   9.08  9.87 10.59  12.83 15.07 13.61  14.01 15.21 11.00
 7    6.91  8.53  9.98   9.54  9.80 10.49  13.05 13.19 13.10  13.84 14.41 10.68
 8    7.03  8.61 11.13   9.56  9.68 11.20  11.67 11.90 13.48  13.35 14.82  9.99
 9    7.22  9.22 11.72   9.11  9.46 10.61  11.01 11.85 12.46  12.48 14.57 10.38
10    7.53  8.54  9.22   9.55  9.10 10.68  10.24 11.88 12.36  13.63 14.46 10.36

11    7.42  9.60  9.66   9.40  9.35  9.69   9.92 12.16 12.07  13.50 15.14 11.00
12    7.62  8.82  8.83   9.50  9.88  9.88  10.89 13.10 12.33  13.68 14.20 11.15
13    7.23  8.46  8.49   9.32  9.07  9.84  11.24 11.55 11.97  13.37 13.78 10.81
14    7.56  7.97  8.05   9.52  8.83 10.23  10.82 11.05 12.41  14.15 13.44 11.09
15    7.59  7.67  7.44   9.41  8.47  9.96  11.28 11.79 12.23  13.96 13.40 12.42

16    7.55  6.90  6.57   9.80  8.64  9.90  11.36 12.32 12.84  13.95 12.89 11.80
17    6.60  7.23  6.52   8.79  8.93 10.70  11.40 12.44 12.08  13.93 13.27 14.07
18    6.85  6.75  6.69   8.92  8.85 10.53  11.40 13.20 12.72  13.63 13.01 14.44
19    6.82  6.82  7.35  10.00  8.73 11.44  11.25 12.05 11.88  14.05 12.45 14.49
20    6.90  7.25  7.96  11.02  8.85 10.51  11.35 12.60 13.64  14.92 11.75 15.45

21    6.64  7.70  8.21  10.15  8.64 10.21  12.06 13.52 13.70  14.22 11.89 15.70
22    6.64  7.92  8.55   9.49  8.42 10.45  12.22 13.05 14.28  13.84 12.37 15.48
23    6.94  8.23  8.85   8.84  8.39 11.07  12.29 12.07 14.69  14.23 12.75 16.62
24    7.69  7.90  9.59   7.83  8.06 11.09  12.42 12.57 14.81  14.25 12.73 17.11
25    7.48  7.71 10.78  10.40  8.13 11.39  13.27 12.69 15.22  14.28 12.25 15.83

26    7.12  8.56  9.52   7.66  8.38 11.34  14.27 12.92 15.97  15.26 12.12 15.17
27    6.95  9.95  8.96   7.55  8.47 11.66  13.77 13.42 15.65  14.16 12.00 14.68
28    6.89  7.74  9.07   7.49  8.74 11.76  13.57 13.59 15.63  13.90 11.85 15.48
29    7.28  7.64 11.38   8.10  9.38 11.63  13.21 13.53 15.49  14.29 11.82 16.80
30    7.33  0.00  9.66   8.58  9.77 11.66  14.84 13.80 14.86  14.24 11.40 16.30

31    7.43  0.00  9.75   0.00 10.15  0.00  16.33 13.95  0.00  14.45  0.00 15.23
-------------------------------------------------------------------------------
Mean  6.95  8.09  8.94   9.21  9.05 10.69  12.28 13.01 13.64  14.16 13.33 13.18
-------------------------------------------------------------------------------
                                                        1988 Yearly Mean =11.06
